20 34 34 34 34 34 34 34 34 34 34 34 34 34 34 34 34 34 34 34 34 34 34 34 34 34 34 34 34 34 34 34 34 34 34 34 34 34 34 21
27 10 1 2 4 5 13 4 3 10 1 1 12 3 12 4 2 4 1 12 9 9 13 1 2 12 9 10 4 13 13 2 12 12 13 9 3 2 1 25
27 9 11 12 3 12 12 5 9 5 12 10 5 2 10 9 9 13 12 12 2 4 9 11 4 2 5 5 12 12 5 2 3 10 1 12 12 2 13 25
27 4 12 10 4 5 1 13 4 13 5 13 3 13 9 10 11 3 9 2 5 2 10 4 13 9 5 10 2 2 13 10 3 9 4 13 10 3 13 25
27 3 9 3 5 2 3 9 13 12 13 10 9 5 1 4 2 12 13 1 5 9 11 9 1 11 10 9 12 4 4 3 11 9 11 5 12 5 12 25
27 2 2 10 5 10 13 3 2 1 4 11 4 4 5 12 2 13 10 13 3 13 12 10 11 5 3 5 4 10 4 2 4 2 1 9 4 10 2 25
27 4 5 3 5 11 10 5 11 5 12 3 5 11 11 12 5 13 3 11 10 4 2 1 13 3 13 2 1 5 9 13 2 1 1 9 2 10 1 25
27 13 11 2 11 4 10 4 10 12 3 5 10 12 4 13 12 10 5 12 13 10 9 10 2 12 5 11 4 10 3 3 5 12 12 5 3 4 1 25
27 9 2 9 2 5 10 11 3 10 12 10 13 1 4 4 11 12 4 1 2 13 3 12 1 12 1 9 12 13 13 4 13 12 4 5 4 1 13 25
27 2 12 4 4 1 1 2 12 4 5 13 5 10 5 2 10 13 4 4 9 1 4 11 11 2 13 4 10 11 4 13 9 3 9 12 12 9 5 25
27 9 13 10 3 11 10 1 2 12 13 9 5 12 10 5 11 10 4 9 9 13 11 11 10 2 4 13 1 3 12 1 4 4 2 4 1 9 3 25
27 2 13 9 3 3 4 5 12 13 10 13 12 10 3 1 10 3 11 2 3 2 4 5 11 5 2 9 11 13 2 13 11 12 9 13 10 1 1 25
27 12 10 3 12 13 3 2 9 5 4 9 9 5 4 12 3 12 5 3 1 9 11 13 4 1 9 12 1 9 9 1 2 12 11 5 12 2 3 25
27 11 10 5 12 12 13 3 4 1 11 4 13 5 12 12 10 4 2 5 13 12 3 3 4 4 13 13 3 2 3 4 9 10 12 2 4 13 3 25
27 11 3 10 10 9 9 13 11 4 2 10 9 12 11 10 10 13 1 5 9 1 10 9 11 10 3 2 2 2 12 10 3 10 3 9 10 4 2 25
27 1 13 3 9 5 10 3 3 4 10 1 9 12 4 12 10 11 4 2 12 13 10 1 10 13 12 3 12 4 2 13 3 9 9 5 13 2 1 25
27 4 11 11 1 9 12 11 12 1 12 3 1 4 12 3 3 1 5 2 3 13 4 10 13 13 3 3 12 2 1 1 4 13 4 13 13 11 11 25
27 1 1 12 4 5 12 3 2 12 4 4 2 4 3 11 3 3 12 4 5 5 13 9 3 10 9 1 9 2 4 12 9 13 5 5 9 11 11 25
27 11 12 1 4 9 11 11 1 13 1 13 5 2 5 9 9 4 1 13 5 10 4 2 2 10 12 1 13 4 10 3 11 1 11 1 2 9 13 25
27 1 4 5 1 4 11 1 5 12 11 5 9 13 9 12 2 3 9 12 11 5 3 11 3 4 3 4 5 4 9 12 3 13 5 4 12 13 9 25
27 12 9 12 2 3 13 4 13 10 11 12 1 1 9 12 3 5 3 12 12 12 10 13 1 3 5 13 1 10 1 11 4 9 11 13 10 11 1 25
27 4 13 3 9 9 13 2 13 4 9 1 4 11 3 12 3 1 3 11 1 11 9 10 10 13 2 13 2 5 11 5 1 3 4 4 13 9 11 25
27 5 13 11 11 3 3 11 9 3 1 12 4 3 2 9 11 4 5 10 9 5 10 10 2 1 3 4 1 13 5 2 1 3 3 11 1 1 11 25
27 12 9 9 10 11 11 3 1 13 1 9 5 3 3 5 2 5 1 4 5 1 4 4 12 10 1 5 10 1 11 5 13 4 11 11 11 12 4 25
27 4 12 1 10 5 1 4 2 5 11 1 13 4 13 11 11 10 12 4 10 11 2 2 2 5 1 4 3 10 13 3 11 13 12 1 3 13 12 25
27 10 11 1 10 3 2 1 2 13 9 9 13 4 2 13 11 2 12 1 12 12 10 4 12 11 10 9 2 4 11 3 5 11 5 2 2 10 11 25
27 10 10 1 12 11 3 11 2 5 13 9 10 12 9 5 9 3 4 3 2 1 4 10 13 10 5 9 2 11 10 10 10 9 5 12 2 3 11 25
27 2 9 12 5 5 5 2 10 10 13 3 3 12 4 13 5 11 5 3 5 9 10 3 2 1 2 1 1 2 10 2 4 5 10 12 5 5 2 25
27 2 9 5 10 11 2 5 13 13 4 11 10 13 5 13 3 3 4 4 12 1 3 13 13 2 10 5 1 4 5 12 1 12 1 11 5 2 12 25
27 2 1 11 12 11 2 11 3 13 9 12 5 13 1 11 10 4 5 13 5 11 10 10 2 1 4 1 13 5 2 1 11 4 5 9 10 4 10 25
27 4 11 12 5 12 9 3 4 1 12 13 4 5 5 9 4 11 10 3 4 13 4 10 3 11 11 10 1 9 4 5 10 11 10 13 13 5 5 25
27 13 5 11 3 11 10 3 12 4 10 2 3 4 1 1 10 9 3 10 5 3 1 9 10 10 4 10 10 3 4 5 5 1 5 11 10 3 5 25
27 12 12 2 1 13 3 1 11 4 1 11 9 12 1 2 5 11 4 11 3 11 5 2 10 12 1 9 5 9 13 10 3 5 9 11 9 10 13 25
27 4 9 2 13 1 1 13 12 11 11 2 12 12 11 1 2 1 9 3 3 5 3 12 2 1 5 3 5 13 4 13 10 13 2 12 5 4 9 25
27 5 11 3 11 13 13 13 11 4 2 12 2 5 12 1 13 9 10 9 3 11 11 13 13 13 5 5 4 10 2 4 3 11 10 3 4 5 3 25
27 11 4 9 5 10 13 2 1 13 12 3 1 5 1 9 11 3 12 3 1 1 11 10 10 3 5 4 3 5 11 5 4 12 2 5 3 12 9 25
27 9 3 12 5 3 11 4 11 12 12 5 12 11 10 12 4 9 5 3 5 13 5 13 3 3 9 1 1 2 2 3 4 5 9 13 10 4 1 25
27 3 2 12 9 11 2 10 4 12 9 4 1 4 9 10 2 10 13 9 12 10 11 4 10 1 3 1 3 10 2 1 10 11 1 2 5 13 12 25
27 4 10 1 4 10 12 1 1 1 4 13 4 1 9 9 2 13 4 9 5 11 1 2 12 5 4 3 13 13 10 3 4 9 11 1 10 4 9 25
27 10 1 5 9 13 11 9 10 1 3 5 5 10 2 9 12 10 4 4 9 2 11 4 5 13 13 11 3 9 11 1 4 10 2 1 13 10 13 25
27 13 3 13 3 3 9 5 10 12 9 2 13 12 4 12 13 1 12 12 4 10 9 12 4 1 11 10 4 2 10 2 10 13 12 10 5 4 9 25
27 5 11 11 2 9 12 11 3 11 11 12 2 10 10 13 13 10 1 11 10 13 3 5 1 9 12 5 2 11 5 13 1 4 11 2 4 13 5 25
27 13 12 1 11 13 1 11 12 10 9 1 9 12 4 10 3 12 3 3 5 1 1 9 1 10 12 3 10 10 13 4 1 13 3 11 13 9 11 25
27 3 12 3 1 3 1 9 4 1 1 3 13 12 2 12 1 9 4 13 10 5 3 2 11 11 4 9 4 9 11 3 12 13 3 9 11 3 9 25
27 2 10 11 10 11 11 12 12 3 13 4 10 11 11 11 10 12 3 1 13 5 12 2 4 2 3 11 4 3 5 10 11 3 10 1 13 1 13 25
27 10 5 10 2 12 9 3 13 9 1 2 5 9 3 12 11 4 1 11 2 3 4 12 4 5 2 12 4 2 11 2 13 1 4 5 5 5 1 25
27 10 9 5 1 2 3 2 2 2 11 2 13 2 11 4 11 3 13 12 12 9 13 3 5 3 3 11 12 11 1 10 4 11 4 11 1 4 10 25
27 2 10 13 3 10 1 9 13 11 9 5 10 12 4 11 1 2 2 3 3 3 13 13 5 1 9 9 12 3 2 12 11 11 4 11 5 11 13 25
27 10 11 9 13 2 5 9 10 10 2 5 13 5 11 13 1 3 9 4 4 12 3 10 12 11 4 1 12 13 12 1 10 9 12 12 10 11 5 25
27 12 11 9 4 1 9 4 4 11 3 5 11 1 1 9 3 1 10 12 2 4 12 5 13 2 13 10 13 10 2 1 3 11 10 1 2 11 4 25
27 11 9 5 4 3 12 1 3 1 1 13 13 3 9 5 5 9 12 1 4 12 1 10 9 5 5 12 1 3 11 10 11 1 4 12 4 3 11 25
27 3 3 1 10 3 5 1 13 4 2 10 13 12 12 9 3 13 11 3 12 10 13 12 2 12 10 11 10 4 2 10 5 4 12 13 4 12 4 25
27 11 1 5 9 12 1 2 1 2 1 5 13 5 12 12 11 13 13 10 2 3 2 4 10 5 11 10 12 1 3 1 11 3 5 9 2 1 12 25
27 10 2 12 3 9 9 2 9 1 2 10 4 4 3 5 13 13 5 9 13 3 4 9 10 1 12 12 12 10 1 3 5 4 12 12 5 3 4 25
27 9 3 13 9 12 11 9 12 13 10 12 2 13 2 4 10 3 3 5 9 2 11 11 1 5 11 3 9 1 1 2 4 13 1 13 5 9 11 25
27 2 2 2 12 12 3 11 3 9 3 13 10 4 3 10 11 9 10 13 9 9 13 1 4 11 13 3 2 1 5 11 9 4 13 1 13 11 4 25
27 9 9 5 5 13 4 3 13 2 2 2 11 4 4 4 12 2 3 1 4 12 5 5 5 11 1 9 4 5 10 3 9 3 11 12 5 4 9 25
27 9 2 1 2 11 13 5 4 3 12 11 13 10 11 4 12 12 2 9 11 10 1 12 2 9 5 11 11 2 1 11 4 10 3 9 4 11 2 25
27 12 11 1 9 9 4 11 1 10 1 2 12 11 13 4 11 10 12 4 1 12 3 2 1 11 10 2 1 10 2 10 4 4 9 12 12 12 11 25
27 13 2 11 5 13 5 4 1 10 12 9 13 13 9 11 13 1 2 12 13 13 13 4 4 1 9 11 4 3 12 4 1 3 13 11 13 1 10 25
27 5 1 2 10 10 5 9 10 3 13 3 3 1 13 1 5 9 5 12 1 12 12 4 2 2 1 1 11 2 9 1 11 4 5 1 2 3 1 25
27 12 3 2 2 3 3 3 5 11 11 1 9 4 2 12 1 5 2 10 9 13 2 9 13 2 1 13 4 12 4 9 12 3 9 3 3 10 10 25
27 4 11 4 4 13 1 5 10 9 9 2 5 4 2 2 5 1 11 10 11 11 10 10 5 1 10 5 9 3 9 3 11 12 5 1 12 11 2 25
27 13 9 5 2 4 1 9 2 11 12 13 12 1 5 1 4 1 13 13 11 4 11 1 10 10 10 11 4 9 5 13 12 2 5 9 1 4 5 25
27 2 1 3 9 1 4 10 4 12 4 1 5 4 12 4 5 2 13 3 11 9 9 1 2 9 2 10 1 1 11 2 3 4 9 2 1 1 1 25
27 1 3 13 12 1 13 5 4 5 13 9 3 10 1 2 1 1 5 11 4 2 9 5 13 9 13 2 1 2 10 12 3 3 3 11 11 1 2 25
27 12 5 9 2 3 11 2 3 13 10 1 10 10 12 9 5 4 3 12 11 4 9 2 12 5 3 13 2 11 4 12 1 12 5 1 11 1 3 25
27 9 12 5 1 13 13 4 3 12 1 9 12 9 12 10 12 9 4 5 5 9 3 4 12 9 12 12 11 2 1 3 10 4 13 3 4 1 2 25
27 12 1 2 4 2 13 2 12 5 2 2 4 13 12 11 1 11 12 2 9 3 3 9 12 5 2 4 2 5 11 5 3 13 5 5 12 10 11 25
27 13 3 13 13 3 4 13 1 11 4 3 9 9 1 5 13 11 12 2 2 3 4 9 2 9 4 13 10 3 3 4 4 11 3 5 1 1 12 25
27 2 13 10 13 4 11 4 11 5 2 4 12 10 1 10 3 10 13 12 13 4 10 13 9 1 2 4 9 1 11 12 2 10 9 3 13 5 10 25
27 2 11 10 5 13 13 13 4 4 13 2 11 9 12 9 1 13 9 11 3 3 1 5 4 10 12 10 13 2 9 5 10 1 3 5 12 5 13 25
27 10 5 1 13 9 13 4 2 1 11 13 13 4 5 4 13 1 10 11 12 13 9 3 3 2 12 1 4 5 13 13 12 5 12 2 10 12 5 25
27 12 13 12 11 1 11 13 13 1 2 2 1 13 13 3 1 5 9 12 11 11 13 2 12 5 1 9 5 10 10 4 4 2 12 1 11 9 12 25
27 12 2 13 13 9 13 2 10 12 12 12 13 4 5 12 2 5 11 5 9 9 11 10 2 9 11 10 2 4 5 10 1 4 2 13 13 13 13 25
27 13 5 10 3 2 12 11 1 5 11 2 1 1 11 5 12 1 9 5 12 9 4 11 10 3 2 2 5 13 1 11 11 4 11 5 2 10 12 25
27 5 5 5 12 2 2 2 5 13 2 1 10 13 9 11 4 12 11 10 3 3 2 13 3 3 4 12 3 11 10 12 9 2 9 4 11 11 1 25
27 3 10 3 10 10 4 1 4 9 2 2 5 9 11 3 4 10 11 10 12 12 3 13 11 9 11 4 1 10 2 3 11 3 9 9 10 2 11 25
27 2 4 4 2 10 5 11 11 9 12 12 13 9 9 1 3 4 12 13 13 1 1 12 1 5 10 1 4 3 9 13 13 11 9 10 10 4 4 25
27 10 10 1 5 3 11 2 2 2 10 2 11 11 13 3 5 1 5 4 10 3 11 13 13 10 12 3 9 2 9 5 10 13 11 10 9 4 1 25
27 12 12 10 2 12 10 5 10 10 13 13 5 2 9 3 12 13 1 9 3 12 10 4 12 3 4 1 10 13 4 5 2 10 1 11 5 9 11 25
27 2 1 1 12 1 5 4 3 1 12 12 11 4 5 4 1 4 5 12 9 9 11 4 13 4 3 9 1 3 4 11 5 12 4 12 1 3 11 25
27 2 9 3 10 5 1 9 13 9 13 2 11 13 11 9 11 5 3 1 12 10 3 4 2 4 2 13 13 4 2 11 1 10 2 4 10 1 4 25
27 11 1 10 10 11 1 4 5 3 11 9 13 2 13 13 3 13 3 5 5 9 11 4 4 13 5 9 1 11 1 9 11 11 10 9 10 9 12 25
27 11 2 11 11 2 12 2 5 11 10 3 9 5 13 2 12 13 10 9 13 4 12 1 5 2 5 11 11 2 11 5 12 10 5 12 11 12 11 25
27 10 9 9 2 1 1 9 12 9 5 10 3 9 10 1 10 3 2 3 11 5 9 1 3 11 4 9 5 9 2 11 11 10 5 5 1 12 11 25
27 13 3 13 3 13 2 1 5 11 12 13 9 13 11 3 10 1 1 1 9 11 9 5 4 3 5 12 1 13 9 12 3 2 2 12 12 9 12 25
27 13 12 1 4 11 5 11 13 5 9 11 2 12 5 13 11 12 1 1 13 4 10 4 13 9 11 10 9 11 4 4 3 3 10 1 13 12 2 25
27 10 1 11 4 1 10 11 2 3 11 10 10 4 13 5 12 12 2 11 9 3 13 5 2 5 3 10 10 12 5 13 12 13 11 2 13 4 9 25
27 5 9 11 11 10 13 2 2 3 13 13 11 9 5 1 5 10 5 13 2 10 9 2 4 12 12 9 2 1 1 2 3 3 1 9 10 12 5 25
27 11 9 12 4 5 5 9 11 9 10 9 12 10 12 12 2 5 2 12 1 1 10 2 5 5 4 3 10 4 11 5 4 1 10 4 9 1 5 25
27 1 4 1 13 13 1 11 9 4 4 13 5 12 9 3 4 10 12 9 4 1 4 12 4 3 1 10 12 10 3 9 3 12 11 9 11 4 1 25
27 11 1 2 3 12 11 10 3 3 3 9 10 5 10 12 5 2 4 10 1 1 9 9 5 11 9 2 4 5 4 4 10 1 9 3 10 9 3 25
27 11 4 9 13 4 3 10 12 11 4 9 4 5 5 10 5 5 12 13 11 2 11 11 9 3 3 5 13 5 1 9 13 5 1 12 5 2 5 25
27 9 10 12 2 4 1 10 13 13 4 5 3 12 1 1 5 10 3 10 10 12 1 9 1 9 1 11 5 12 13 3 4 11 9 11 11 10 4 25
27 4 9 5 5 4 1 13 1 5 10 2 9 1 9 9 10 10 11 13 10 12 3 13 13 4 5 10 5 9 5 11 4 3 11 4 10 3 12 25
27 11 5 13 9 1 12 3 12 10 9 4 13 9 12 4 1 2 12 4 10 13 11 5 9 1 2 1 11 1 10 1 12 4 12 12 9 10 2 25
27 10 11 1 2 10 12 2 3 4 13 4 10 3 12 5 2 12 4 11 3 11 10 9 1 4 11 11 12 5 10 4 9 5 4 10 10 1 3 25
27 1 13 11 12 12 10 13 12 5 3 10 11 12 9 13 3 12 13 13 9 9 11 1 11 4 12 11 1 4 13 9 1 3 9 3 11 9 3 25
27 3 2 10 13 12 13 1 2 3 13 13 11 11 1 9 9 10 3 10 2 11 9 4 3 1 12 13 4 10 12 11 10 3 11 12 3 12 4 25
27 13 4 1 11 12 3 3 13 10 9 5 5 10 11 1 9 12 1 2 4 2 10 9 10 9 3 5 1 1 11 10 4 2 2 5 4 2 12 25
27 4 5 1 9 2 5 4 10 4 3 11 4 9 10 4 4 12 9 5 1 12 12 9 10 13 12 2 5 4 13 4 2 13 12 2 1 3 12 25
27 5 5 3 13 10 11 2 5 3 10 9 9 3 12 11 4 12 5 3 4 5 9 10 13 9 13 13 13 1 4 2 11 9 2 3 9 10 2 25
27 5 3 9 13 5 2 5 9 4 10 9 5 11 3 9 3 5 3 13 12 10 9 1 9 13 13 10 3 9 2 3 9 13 11 10 12 10 3 25
27 3 11 9 11 11 11 3 3 9 12 5 11 13 9 12 10 12 11 4 13 12 5 10 11 5 12 11 11 4 11 13 1 11 9 4 9 9 3 25
27 2 13 10 3 9 11 11 10 1 1 10 1 5 13 10 2 5 2 9 13 12 4 11 2 10 13 13 5 4 12 10 9 1 4 11 1 4 9 25
27 1 5 4 5 9 11 5 4 5 3 2 13 9 1 12 1 11 11 13 2 4 3 9 10 3 9 9 13 13 5 9 11 4 9 1 5 12 1 25
27 12 5 1 12 10 11 5 13 12 12 10 10 11 13 4 10 13 3 10 13 2 12 4 5 4 13 12 11 4 13 10 9 5 11 13 3 5 1 25
27 5 3 11 9 5 4 5 13 2 2 5 2 5 3 13 3 9 1 4 1 2 5 4 13 10 11 10 9 10 11 11 9 11 5 9 3 10 12 25
27 13 13 12 2 12 5 3 1 5 10 11 11 4 10 1 2 12 13 10 4 3 3 5 2 3 10 11 5 2 1 12 11 5 12 3 13 5 4 25
27 13 13 4 10 11 4 9 4 11 1 12 3 1 2 10 2 9 12 12 4 10 10 10 4 5 4 2 9 5 2 1 11 11 2 11 4 13 1 25
27 13 3 2 1 10 11 3 2 5 1 12 10 10 4 12 1 10 4 5 3 5 10 9 11 4 4 4 4 13 5 1 9 9 5 12 10 12 2 25
27 10 3 5 4 10 9 13 4 13 1 11 2 13 13 1 13 11 2 1 5 10 10 9 3 10 11 11 1 3 9 13 1 13 5 13 4 11 1 25
27 2 11 9 11 1 4 9 3 3 12 3 1 9 2 5 2 9 4 2 2 1 10 13 2 5 4 9 1 2 3 3 10 10 10 4 10 13 12 25
27 13 10 2 9 10 1 10 13 12 11 12 11 12 11 2 10 5 2 11 1 5 2 13 12 11 4 5 3 2 5 4 13 5 12 10 1 4 4 25
27 4 3 9 11 12 9 4 10 2 4 1 13 12 4 2 12 12 11 2 11 5 4 3 10 1 4 9 4 11 1 12 13 1 4 4 10 5 2 25
27 1 10 12 1 3 4 10 11 2 5 3 12 9 12 11 2 13 10 3 5 9 9 4 2 13 13 10 10 10 12 13 3 13 9 2 5 1 12 25
27 13 1 1 3 3 10 3 11 5 3 1 3 12 11 5 3 13 1 10 3 1 11 13 10 3 11 11 1 11 10 12 10 4 13 5 12 12 1 25
27 13 4 5 1 10 10 11 11 13 12 4 1 9 2 3 1 2 11 4 3 2 4 3 1 12 2 9 10 5 10 9 2 3 5 13 13 4 2 25
27 4 10 12 1 13 1 1 1 3 11 13 4 9 12 2 10 12 2 10 12 12 2 10 11 12 11 5 11 1 12 11 2 3 3 5 2 9 4 25
27 5 10 13 13 12 2 11 11 11 2 3 12 10 1 13 10 5 3 5 10 3 4 1 12 4 4 3 5 5 13 2 10 13 5 3 9 2 9 25
27 4 13 1 10 3 2 13 3 13 13 5 12 4 2 5 1 9 13 2 5 11 11 11 12 13 3 11 11 11 9 13 13 3 12 11 10 2 11 25
27 9 1 4 9 4 13 11 9 4 1 3 4 3 10 2 13 12 9 3 3 9 9 5 5 5 4 9 9 3 3 10 10 10 3 11 11 2 5 25
27 13 4 12 2 9 13 11 4 5 11 4 1 9 5 5 5 5 10 10 10 9 5 2 13 3 2 3 3 12 9 11 13 9 11 12 4 4 4 25
27 11 3 12 2 5 10 11 1 13 1 3 12 13 10 11 11 5 1 2 4 2 11 1 9 10 13 13 12 12 9 2 4 10 3 10 12 9 10 25
27 1 12 2 12 10 5 11 12 10 12 9 10 1 9 13 2 11 4 11 1 1 2 5 2 4 3 3 4 11 10 11 2 3 5 5 12 4 3 25
27 5 2 2 3 1 5 10 5 13 3 4 12 12 3 10 3 2 12 4 10 13 12 1 13 5 1 10 3 3 12 2 12 3 10 5 3 1 5 25
27 12 10 11 9 11 9 9 5 11 3 3 11 9 5 11 12 5 2 1 13 2 11 1 9 3 4 3 4 13 10 11 12 12 1 3 4 13 12 25
27 9 1 9 3 2 1 2 10 10 12 4 11 3 10 10 9 11 3 4 10 4 5 11 1 11 1 12 12 4 2 9 12 3 11 12 2 11 12 25
27 4 10 9 11 12 10 3 5 9 4 2 12 3 4 13 11 4 1 13 11 3 4 3 13 4 4 5 13 2 9 1 5 3 13 1 1 10 13 25
27 2 9 13 11 5 4 13 3 2 9 13 13 10 11 3 2 5 5 4 3 4 12 4 3 4 9 3 10 11 3 2 4 11 1 1 11 10 9 25
27 3 11 4 5 11 1 4 3 5 1 5 10 3 2 9 4 3 5 10 1 4 5 11 9 13 2 13 9 10 5 2 10 9 4 9 2 9 13 25
27 13 11 2 3 5 11 1 10 3 4 10 2 1 9 3 13 13 12 4 5 10 11 13 12 11 4 4 13 2 13 4 9 9 2 5 10 12 5 25
27 2 2 11 2 11 3 2 9 5 12 10 12 9 11 4 10 13 12 9 10 3 4 2 2 4 2 12 12 10 9 1 2 11 3 1 2 9 13 25
27 4 5 9 11 3 13 4 3 1 13 1 2 13 13 4 10 11 4 9 9 2 1 4 3 11 2 11 4 1 11 2 9 5 10 5 11 9 2 25
27 4 2 2 3 4 3 10 3 1 11 12 13 5 10 10 13 1 10 9 5 5 1 4 1 12 4 5 10 2 10 2 2 12 13 9 3 10 3 25
27 5 9 10 5 9 11 9 10 3 11 9 13 5 2 13 1 13 1 3 5 4 3 11 12 12 4 11 5 3 3 11 4 1 2 3 11 3 9 25
27 4 5 10 12 11 1 9 1 2 9 11 13 12 3 10 3 2 4 2 11 2 1 9 5 2 13 4 1 4 9 4 4 11 9 9 13 4 2 25
27 13 3 5 2 2 13 11 3 1 13 9 2 9 2 9 1 1 2 10 12 2 11 2 12 3 5 3 9 2 11 10 12 3 5 9 3 5 12 25
28 18 18 18 18 18 18 18 18 18 18 18 18 18 18 18 18 18 18 18 19 3 2 17 18 18 18 18 18 18 18 18 18 18 18 18 18 18 18 29
36 26 26 26 36 36 26 26 36 26 36 36 26 36 26 26 26 36 20 34 35 3 3 25 26 36 36 36 26 26 26 36 36 36 36 26 26 26 36 26
36 36 26 36 26 36 36 26 26 36 36 26 26 26 26 36 20 34 35 3 4 2 5 25 26 36 26 36 26 26 26 36 26 26 26 36 36 26 36 36
20 34 34 34 34 34 34 34 34 34 34 34 34 34 34 34 35 1 2 5 3 4 5 33 34 34 34 34 34 34 34 34 34 34 34 34 34 34 34 21
27 13 3 1 13 1 4 4 5 9 3 2 5 3 2 10 9 4 13 11 3 9 12 10 9 3 2 3 4 11 4 11 5 10 12 3 13 3 5 25
27 13 1 12 12 13 1 9 12 3 10 3 3 4 11 5 3 3 4 1 10 4 1 11 1 1 2 1 11 10 9 2 4 9 10 10 1 13 5 25
27 10 3 5 5 5 12 13 12 5 9 5 3 9 3 13 11 12 9 5 9 4 3 9 5 13 5 4 10 1 12 3 11 12 5 4 11 11 2 25
27 11 12 11 13 5 4 2 11 9 10 13 5 12 10 10 9 4 11 1 3 4 4 5 3 3 12 3 9 3 11 12 12 1 5 3 11 9 10 25
27 1 1 2 10 5 1 3 2 11 13 9 10 12 4 2 13 1 10 11 10 2 2 11 1 9 13 4 10 5 9 13 1 9 3 12 9 13 5 25
27 4 4 13 10 4 1 1 11 9 4 9 9 2 9 9 9 1 3 11 4 12 12 3 3 9 10 3 12 13 5 11 5 2 10 11 4 13 1 25
27 1 11 12 4 3 12 4 13 4 5 12 5 5 1 4 5 5 4 2 5 10 10 10 10 4 4 3 4 2 10 12 5 2 10 13 5 13 12 25
27 9 10 13 2 12 13 10 5 9 3 11 2 4 1 3 9 1 3 10 1 13 10 13 11 4 4 11 1 12 10 4 10 11 10 1 2 10 3 25
27 4 4 3 9 1 11 12 5 1 9 1 1 12 5 11 1 3 11 9 13 10 1 2 1 13 12 2 1 4 5 1 9 12 2 11 9 5 10 25
27 1 4 1 5 1 12 5 2 1 5 11 12 13 5 10 5 3 11 9 9 10 9 4 9 5 10 2 9 2 1 2 3 9 1 10 5 9 4 25
27 11 1 4 4 10 5 1 11 4 12 11 4 13 4 4 3 9 12 2 2 1 13 10 3 10 3 1 3 10 10 11 11 5 4 4 12 3 9 25
27 3 2 13 11 10 1 9 4 3 3 5 2 9 3 2 13 10 11 12 12 1 5 4 3 1 11 5 4 3 10 9 9 13 9 1 4 2 1 25
27 12 11 11 11 4 9 12 3 5 5 12 2 12 3 13 13 2 3 5 12 12 4 2 11 9 10 13 9 5 1 11 1 12 5 12 1 4 2 25
27 12 12 10 1 5 5 5 3 5 2 10 1 10 11 12 9 3 10 1 1 13 4 9 4 2 13 1 10 1 4 11 5 13 4 13 12 10 9 25
27 5 13 2 4 2 13 11 4 4 1 10 12 3 5 3 4 5 12 9 10 11 11 5 4 10 12 12 5 9 5 13 2 4 12 5 12 10 3 25
27 13 12 11 4 1 1 1 5 13 1 1 2 12 5 11 13 3 5 4 9 10 2 13 1 3 5 9 5 3 3 1 11 5 1 13 2 2 12 25
27 10 13 11 2 5 5 10 3 9 9 3 4 2 11 1 10 13 4 3 13 1 4 1 4 12 5 12 3 13 12 13 5 3 4 5 5 4 3 25
27 3 11 5 5 13 12 2 4 2 9 2 10 12 10 11 1 9 9 3 3 9 5 1 9 3 11 5 1 3 4 4 11 13 4 12 3 9 13 25
27 13 13 12 4 5 13 11 3 2 12 3 13 9 13 5 2 3 10 9 1 9 13 12 1 9 3 11 3 1 3 3 4 5 12 2 1 13 2 25
27 13 13 11 9 12 13 1 13 13 1 9 12 9 10 13 9 4 2 10 1 10 4 13 13 10 9 5 5 2 9 9 9 1 9 3 10 10 5 25
27 13 1 9 13 11 5 5 13 12 11 5 13 2 11 5 4 2 1 11 5 10 3 5 1 12 3 2 4 9 12 9 3 4 10 11 5 11 10 25
27 11 11 11 13 12 10 2 3 12 1 9 3 5 9 10 2 12 12 4 2 12 11 5 2 12 4 3 1 12 12 10 1 12 2 4 2 10 13 25
27 9 12 1 12 4 13 9 10 1 9 3 1 2 10 5 4 10 5 10 5 10 9 3 13 2 2 12 2 10 9 4 10 2 1 1 9 3 4 25
27 5 3 13 4 13 5 3 5 5 11 12 12 9 3 13 13 3 13 10 12 13 10 5 1 2 11 2 1 13 4 9 12 5 12 4 4 11 9 25
27 3 5 9 12 1 12 9 5 13 9 12 5 12 4 1 12 13 2 3 4 5 1 9 9 11 9 12 11 13 13 9 13 9 2 2 10 9 9 25
27 9 4 13 10 5 4 1 3 2 9 13 1 10 10 4 10 11 11 5 5 4 13 9 11 10 12 9 12 3 3 9 12 3 3 4 12 12 9 25
27 11 11 2 5 13 2 1 5 13 3 11 2 5 12 1 4 11 3 1 4 5 13 4 11 10 5 13 5 10 2 11 9 13 9 1 2 4 1 25
27 1 11 13 11 12 1 1 4 1 13 11 4 12 4 5 12 3 2 4 11 9 9 11 10 9 4 1 3 12 9 5 11 10 13 10 1 1 9 25
27 10 9 13 5 10 4 12 12 4 12 12 5 3 5 13 4 1 13 2 1 11 1 9 5 9 4 10 10 2 12 1 11 1 1 2 9 13 4 25
27 12 12 1 2 2 11 5 1 3 12 2 4 5 9 12 3 12 2 1 13 3 10 5 4 1 3 1 9 3 1 12 5 1 3 12 9 9 10 25
27 12 13 1 10 10 13 13 12 9 13 13 11 9 10 11 10 9 13 13 2 13 2 10 2 1 11 4 4 12 1 13 4 10 9 12 4 11 9 25
27 4 4 5 5 5 13 4 3 4 13 1 10 3 10 12 3 12 4 1 5 1 13 3 10 3 12 12 3 4 4 5 1 12 10 2 13 12 12 25
27 4 2 9 5 10 11 13 10 5 4 5 3 12 3 11 13 10 9 10 1 9 12 12 1 10 11 13 10 11 3 11 4 13 2 4 13 9 1 25
27 13 13 4 9 4 13 5 4 3 4 5 2 2 3 1 9 5 1 12 12 12 9 5 2 12 12 5 5 1 9 4 9 4 2 4 9 13 5 25
27 2 1 10 11 13 11 1 11 9 10 1 13 10 9 5 4 11 11 11 11 2 10 4 2 9 10 5 4 11 4 10 11 2 3 1 11 12 10 25
27 10 3 11 9 3 13 3 3 3 11 11 2 12 12 5 3 13 11 10 3 10 9 1 10 5 13 3 10 5 13 1 12 10 2 12 3 13 3 25
27 10 12 13 3 9 3 3 2 3 11 11 12 5 3 5 4 11 3 13 2 4 4 9 4 10 2 13 12 3 4 10 4 10 3 12 9 10 10 25
27 10 13 12 3 1 13 10 9 1 3 9 3 13 9 2 2 9 12 12 4 5 11 10 1 13 13 4 11 1 11 13 12 4 12 13 9 1 2 25
27 12 4 5 2 10 3 9 2 2 9 1 5 1 4 10 11 5 12 2 5 10 12 10 2 12 3 4 4 12 11 13 11 5 10 3 11 9 5 25
27 2 11 11 9 2 5 5 2 4 2 1 3 3 1 2 3 5 12 4 4 9 13 12 4 11 5 2 12 5 1 2 10 5 5 4 1 10 3 25
27 1 12 2 2 5 5 3 10 4 3 10 12 1 5 3 2 9 1 10 3 13 1 13 1 11 10 3 12 12 10 3 4 5 5 13 4 3 5 25
27 5 4 9 3 5 9 13 9 5 11 3 11 13 2 13 2 10 10 5 13 10 9 1 3 9 13 9 10 10 11 9 10 9 10 9 1 9 2 25
27 2 4 1 4 1 4 1 5 10 3 3 1 10 1 2 3 10 11 10 10 2 3 2 13 10 11 13 9 1 5 1 12 13 11 11 9 10 5 25
27 5 13 1 12 4 1 12 12 12 12 12 12 1 5 13 3 10 9 3 4 10 13 11 4 1 3 10 4 4 4 5 10 2 13 5 5 10 1 25
27 13 9 11 5 4 11 4 4 12 11 5 2 3 5 13 12 9 12 2 13 1 4 1 3 10 9 9 10 10 5 2 3 2 10 5 13 11 11 25
27 1 4 13 3 9 9 11 13 5 13 3 1 1 9 3 4 10 5 3 10 11 13 1 13 13 2 13 4 4 11 1 12 4 11 12 4 9 10 25
27 4 10 10 5 10 9 9 1 5 4 1 1 2 5 10 3 11 10 12 13 5 13 9 4 3 10 12 4 13 3 3 2 9 13 5 9 11 9 25
27 5 13 9 10 10 11 4 12 9 1 2 1 9 2 13 1 2 2 2 2 13 13 13 2 13 12 10 2 13 5 13 1 9 11 12 5 10 4 25
27 1 11 1 9 11 3 5 12 4 11 1 1 1 1 5 3 3 13 1 12 5 4 4 5 13 10 10 12 4 2 4 1 3 11 13 11 12 5 25
27 9 4 4 1 9 4 3 9 13 2 10 4 12 11 2 10 4 3 11 13 1 10 5 1 9 9 9 5 5 12 5 3 4 9 13 2 3 2 25
27 9 4 9 1 4 3 12 9 9 9 5 11 1 5 3 5 2 2 13 12 5 10 4 4 1 9 3 9 2 9 5 3 10 4 13 4 12 2 25
27 2 9 11 2 2 12 13 1 3 3 1 1 11 5 4 2 10 4 11 9 9 5 13 5 11 13 1 1 3 4 2 11 4 11 12 13 10 2 25
27 11 13 4 13 11 9 1 4 10 1 9 12 10 4 3 12 2 1 9 11 13 10 1 4 9 11 9 9 11 9 9 2 3 4 2 13 9 3 25
27 5 5 4 1 2 11 1 2 1 11 9 4 5 1 3 1 5 5 3 13 2 1 10 9 1 12 4 4 11 11 9 4 5 3 5 9 10 4 25
27 2 2 9 2 10 9 9 4 9 10 1 9 2 10 10 5 3 4 1 2 3 10 3 3 10 5 5 11 3 1 5 12 10 9 1 5 3 10 25
27 4 3 3 13 12 13 13 1 2 11 4 12 2 13 2 9 9 11 11 11 9 2 4 5 4 2 2 4 5 9 2 12 2 5 10 13 1 4 25
27 2 10 11 3 11 2 9 12 11 5 9 13 4 4 5 4 5 12 10 10 9 5 9 4 1 13 5 11 2 5 4 2 10 1 3 3 1 1 25
27 4 1 10 5 2 5 3 12 3 10 3 11 11 13 10 12 1 4 10 5 10 10 4 5 12 3 5 13 5 13 13 9 10 5 1 11 9 12 25
27 12 5 5 11 12 13 10 10 4 11 2 12 9 3 2 4 2 4 4 11 10 11 10 4 10 5 13 2 13 2 11 12 11 10 1 12 3 4 25
27 10 12 1 13 11 2 9 13 1 1 3 5 3 4 11 11 1 1 11 4 10 10 2 10 12 12 12 1 10 4 4 2 9 11 13 12 11 2 25
27 3 12 12 12 9 2 9 13 2 4 12 10 3 11 1 2 2 12 5 10 4 10 1 13 11 12 1 3 11 10 13 1 12 4 11 9 10 2 25
27 10 10 3 11 13 10 3 1 2 5 11 13 2 13 4 2 1 2 10 4 1 3 11 5 2 9 4 12 10 9 1 12 10 9 2 9 10 1 25
27 4 5 9 3 13 12 9 2 9 5 5 12 12 3 2 13 2 12 13 12 10 5 13 5 4 2 1 13 1 1 2 13 13 5 5 3 3 4 25
27 4 2 12 1 5 12 9 1 10 2 2 9 5 3 2 5 5 11 12 12 11 10 2 11 10 9 4 11 4 5 5 2 5 11 1 10 13 12 25
27 12 13 11 3 11 3 9 13 5 13 12 3 12 10 12 12 9 5 4 10 2 10 3 2 11 12 2 1 5 3 10 5 5 11 2 1 1 3 25
27 13 10 5 5 5 10 12 5 5 4 13 12 3 5 10 13 13 2 11 5 5 1 12 10 10 5 3 1 12 2 2 3 9 9 11 9 13 11 25
27 9 4 2 1 11 4 11 13 1 2 12 5 1 1 10 13 5 10 12 1 11 5 1 13 11 5 10 11 13 10 9 4 1 10 12 5 4 1 25
27 4 10 1 4 12 13 10 12 9 11 3 11 13 3 10 13 2 5 2 12 10 1 9 1 10 5 1 10 5 10 9 1 4 10 4 13 11 12 25
27 11 10 5 2 1 12 11 5 13 13 4 2 10 10 10 5 1 2 2 1 13 13 12 11 12 1 13 3 10 3 13 9 4 13 3 2 11 12 25
27 12 12 12 4 3 3 10 5 10 12 3 4 10 1 13 1 5 4 10 1 10 10 2 13 4 13 13 11 4 9 10 12 12 11 9 5 4 11 25
27 12 9 4 13 1 12 9 12 12 9 3 13 2 1 11 13 3 3 5 12 12 4 10 1 12 1 12 10 2 9 11 4 11 1 2 1 10 3 25
27 2 4 13 2 3 9 11 13 13 1 2 4 12 12 10 2 12 10 4 2 1 13 11 13 5 2 2 1 9 11 13 12 11 3 5 5 4 12 25
27 4 2 9 10 12 3 9 4 3 2 10 13 1 3 5 3 3 3 3 13 10 4 2 10 9 11 13 4 9 9 5 2 4 13 10 10 9 1 25
27 11 2 12 13 10 10 9 3 9 3 4 5 13 13 3 2 5 12 5 13 4 3 1 13 2 1 1 2 10 4 5 3 13 11 13 4 12 5 25
27 12 12 9 3 3 5 10 13 2 9 10 12 2 2 2 4 2 4 13 2 2 11 1 1 11 2 13 11 1 13 1 9 5 2 13 12 12 5 25
27 13 11 4 13 5 5 4 11 11 9 11 5 12 3 3 11 11 3 3 2 5 2 2 5 4 10 11 13 3 4 1 12 5 4 5 3 9 10 25
27 12 13 4 13 1 9 9 4 12 10 10 12 2 3 10 12 4 4 11 2 10 11 11 1 10 2 3 1 10 11 11 9 10 12 1 4 10 3 25
27 10 10 13 4 12 5 2 12 4 12 3 9 11 9 1 10 5 1 5 10 10 5 12 11 11 10 3 10 5 3 5 1 1 3 10 5 1 1 25
27 5 2 11 13 12 3 1 5 1 4 1 13 4 13 13 12 1 9 4 5 9 11 5 5 4 9 10 2 13 12 2 3 2 5 11 9 10 10 25
27 1 12 9 10 11 5 1 1 13 12 5 1 4 9 4 5 9 4 10 11 2 11 13 3 12 11 1 3 9 12 3 13 4 12 11 5 5 10 25
27 3 4 2 11 5 5 12 13 5 5 12 1 10 11 13 3 4 2 5 11 13 4 4 13 11 9 12 5 9 11 12 3 9 10 5 4 13 2 25
27 13 10 12 4 4 3 10 13 4 12 12 13 1 13 4 11 13 11 13 12 12 10 2 1 12 13 13 9 11 11 1 1 2 12 11 13 4 3 25
27 2 5 1 2 12 12 2 9 10 3 10 3 2 9 9 3 9 10 12 9 9 9 4 3 2 1 12 9 13 12 11 3 2 4 2 3 13 4 25
27 4 4 4 13 11 10 5 4 3 10 10 11 12 13 10 5 3 10 4 5 3 3 1 10 1 2 12 3 13 4 5 13 13 1 2 5 4 2 25
27 1 10 4 10 5 1 12 5 2 4 13 3 4 1 11 3 3 11 2 12 2 4 1 12 12 5 2 12 5 4 9 4 9 2 4 10 3 13 25
27 2 12 13 2 3 4 10 1 13 13 4 12 12 11 11 4 2 4 12 12 10 3 5 2 11 1 3 12 11 12 12 9 12 10 13 11 1 12 25
27 11 9 5 10 3 4 9 12 10 13 12 2 2 9 1 3 2 12 2 9 3 10 9 5 1 2 4 2 12 13 9 13 3 10 9 10 1 4 25
27 11 9 1 9 12 4 4 10 2 9 3 1 12 10 13 13 13 5 10 12 4 5 3 9 12 5 2 3 1 11 13 12 4 13 10 3 10 1 25
27 5 9 2 3 13 12 11 9 5 1 10 2 11 9 13 11 12 3 12 11 1 1 12 12 4 13 2 5 13 4 4 11 12 2 5 5 11 1 25
27 1 1 1 4 9 13 9 12 11 9 12 12 2 13 5 11 4 10 1 10 5 12 11 12 5 11 2 12 12 11 9 9 3 4 3 10 10 3 25
27 4 11 12 9 12 11 11 10 12 13 12 1 9 4 2 4 5 13 2 2 10 11 5 5 1 4 3 2 12 3 4 12 5 2 5 11 3 2 25
27 1 10 2 1 5 13 10 4 4 5 5 10 11 9 3 3 4 3 1 9 11 2 10 11 11 9 2 3 3 1 3 3 2 1 11 10 4 11 25
27 12 3 3 10 4 13 9 13 11 12 2 13 4 12 5 4 10 1 12 3 12 13 1 10 3 11 1 9 9 10 3 2 4 4 5 11 1 2 25
27 11 2 11 13 5 9 11 12 9 11 2 11 4 11 1 12 1 9 2 2 11 2 12 4 2 4 1 12 5 4 12 9 5 9 3 11 2 3 25
27 4 1 3 5 10 5 12 12 11 13 11 9 10 12 4 11 12 1 10 10 1 2 13 10 3 12 12 1 9 9 5 9 1 12 5 11 10 3 25
27 12 1 2 5 12 12 2 10 5 3 9 13 2 5 1 1 3 5 1 1 3 3 11 13 11 10 2 2 1 2 5 11 2 13 1 5 4 4 25
27 3 5 10 2 4 12 10 4 3 5 3 1 5 3 12 3 9 1 1 11 13 3 12 11 12 9 12 11 9 4 2 2 13 1 12 13 9 11 25
27 4 3 10 4 5 13 12 9 3 2 12 10 9 5 13 2 10 13 9 9 10 2 10 13 12 4 11 10 12 5 4 1 2 2 4 9 13 5 25
27 13 10 1 5 11 13 3 13 3 2 11 3 13 5 5 4 13 4 13 13 12 1 13 9 13 10 11 12 10 9 11 4 5 3 12 5 9 10 25
27 2 1 9 4 3 2 11 10 1 2 2 13 11 11 2 13 11 3 2 5 12 2 2 12 1 10 4 10 3 10 10 1 2 5 2 1 3 5 25
27 3 5 2 9 12 9 9 11 2 3 5 10 10 13 5 9 13 9 2 3 10 1 13 10 13 4 1 1 5 5 13 1 5 3 4 1 3 11 25
27 10 1 4 13 12 4 12 3 10 3 12 9 2 11 2 13 12 13 10 3 1 13 4 13 1 5 12 4 3 2 11 10 2 3 3 2 2 13 25
27 4 1 5 13 4 9 4 3 4 13 4 11 5 5 5 10 2 11 1 13 3 5 10 5 3 12 4 9 10 11 4 10 3 12 13 3 2 10 25
27 4 13 10 10 12 13 5 5 1 12 10 5 13 13 1 9 4 12 5 3 10 12 12 11 12 9 11 5 12 9 3 9 9 3 2 13 11 2 25
27 5 9 12 11 13 1 5 13 3 1 2 11 4 13 9 13 10 2 3 3 3 9 3 10 3 3 11 12 5 5 4 1 9 1 13 1 5 3 25
27 2 2 3 4 4 5 1 13 12 5 10 3 4 9 5 3 10 10 4 12 2 2 5 9 11 11 2 2 4 4 4 1 9 5 4 3 4 10 25
27 12 9 2 9 9 11 11 12 9 2 3 13 5 4 5 3 11 10 13 1 5 2 4 1 11 4 9 9 11 3 4 3 1 5 9 10 3 10 25
27 4 9 5 13 9 5 2 5 1 13 13 13 1 9 9 4 9 11 1 10 3 1 4 4 2 3 9 5 11 5 4 3 4 9 1 10 11 9 25
27 11 3 2 11 11 5 9 2 1 13 13 4 3 13 5 10 13 13 10 10 12 11 3 1 11 17 18 18 18 18 18 18 18 18 18 18 18 18 29
27 10 10 13 9 4 10 12 12 11 3 13 1 10 11 1 10 12 11 9 4 11 9 13 1 5 25 36 36 36 36 36 26 36 26 26 36 26 36 36
27 11 13 2 10 2 2 2 2 3 2 12 11 4 4 4 5 12 13 11 2 4 1 3 1 5 25 20 34 34 34 34 34 34 34 34 34 34 34 21
27 1 12 4 11 10 4 4 12 12 13 9 3 2 3 10 11 2 2 1 11 5 9 2 3 4 25 27 9 9 3 12 4 5 10 5 10 11 10 25
27 10 10 4 3 3 5 11 10 10 9 4 4 12 2 1 5 1 3 13 3 10 9 10 10 4 25 27 10 11 2 5 2 1 2 10 1 3 5 25
27 10 1 2 9 2 4 1 1 10 1 3 9 11 12 4 2 1 9 9 2 3 13 12 5 2 25 27 9 11 1 12 4 1 2 13 11 10 1 25
27 4 3 4 11 12 1 1 11 11 10 9 4 9 1 2 4 13 11 9 2 11 4 12 2 1 25 27 12 9 10 11 12 2 1 11 3 4 4 25
27 4 3 13 11 11 3 5 1 13 10 4 1 3 11 5 2 4 12 1 9 3 5 10 5 10 25 27 9 5 13 5 1 13 3 4 5 2 2 25
27 13 1 13 10 2 11 12 12 3 5 1 11 12 2 3 13 4 4 13 13 9 13 11 1 4 25 27 3 2 9 9 9 5 10 3 9 10 13 25
27 13 4 5 2 5 12 1 11 5 1 5 3 12 11 2 9 3 2 13 3 3 3 1 1 12 25 27 11 13 10 9 11 1 1 9 11 3 12 25
27 9 2 4 13 10 10 10 4 9 4 4 11 3 13 9 5 4 4 3 12 10 10 2 9 13 25 27 12 3 13 2 3 10 5 12 3 11 5 25
27 12 3 11 12 2 12 4 10 1 13 10 2 3 4 2 1 10 9 11 5 10 2 1 10 4 25 27 2 5 1 3 4 5 13 10 4 5 11 25
27 10 12 3 1 2 1 10 10 5 12 4 2 2 4 10 3 2 10 12 4 10 3 5 13 11 25 27 10 1 11 3 9 12 12 11 4 1 12 25
27 1 11 10 4 5 1 9 3 5 2 13 1 1 3 11 5 9 12 1 4 12 10 2 11 2 25 27 9 9 13 9 4 12 10 10 5 10 10 25
27 4 9 13 1 5 12 11 2 12 9 3 1 5 13 10 1 4 5 3 3 1 11 9 10 11 25 27 3 11 9 1 10 9 5 13 13 3 4 25
27 2 9 12 4 12 5 2 13 12 3 5 9 13 9 1 11 3 11 13 10 12 10 4 9 3 25 27 3 4 2 12 10 9 5 13 1 2 9 25
27 13 11 12 11 10 12 2 1 9 9 10 13 12 2 13 11 12 2 10 13 10 3 3 11 2 33 35 13 5 9 2 10 11 3 1 5 5 2 25
27 10 1 11 9 2 13 11 12 13 3 13 12 12 10 5 1 2 13 4 13 10 2 2 2 2 1 9 10 2 9 11 3 13 10 4 5 11 4 25
27 10 3 3 1 11 1 2 3 10 1 10 11 1 2 10 2 12 11 5 10 13 11 3 4 2 1 2 9 1 4 11 12 1 10 4 4 9 1 25
27 4 3 3 9 1 13 11 11 13 4 10 4 13 9 11 5 5 9 3 3 12 1 2 5 3 3 9 2 10 10 11 13 9 5 10 5 2 13 25
27 10 9 1 10 10 5 3 3 13 9 1 4 9 13 13 11 11 3 3 2 9 1 4 5 5 1 9 2 4 9 10 2 5 9 10 13 3 4 25
27 11 4 1 11 1 1 10 5 3 2 9 2 2 1 2 2 4 4 11 9 3 9 12 1 10 1 10 2 3 4 3 4 12 10 1 2 5 2 25
27 1 2 1 10 1 4 10 2 2 3 3 5 11 1 5 13 12 2 11 5 2 10 11 5 4 17 19 2 5 3 13 1 11 3 9 2 3 5 25
27 9 11 11 2 5 11 1 4 10 13 10 10 2 2 9 2 11 13 4 2 13 1 3 4 10 25 27 3 11 5 4 5 12 9 13 10 10 12 25
27 5 9 3 10 11 13 3 11 9 3 5 9 12 13 13 12 13 4 1 2 9 1 10 9 13 25 27 4 5 11 3 13 5 13 11 13 1 12 25
27 1 2 9 10 11 10 2 9 5 9 5 2 4 2 9 3 12 5 12 9 9 11 3 5 2 25 27 4 2 12 12 11 5 4 12 4 2 11 25
27 11 3 13 2 3 9 9 10 4 1 3 11 12 2 9 4 5 2 13 2 2 2 12 1 9 25 27 4 10 3 1 10 2 11 11 11 1 13 25
27 3 11 11 3 1 13 12 10 4 10 4 12 11 12 5 10 12 12 9 12 13 4 3 11 4 25 27 12 1 11 3 9 2 3 13 12 12 12 25
27 5 13 3 3 9 9 13 2 1 3 4 1 12 3 10 12 1 1 10 10 11 12 4 5 2 25 27 9 13 9 11 13 5 1 5 4 3 1 25
27 13 5 13 9 5 11 9 1 9 11 10 3 11 3 1 1 11 9 1 11 10 10 2 12 10 25 27 10 3 13 9 12 10 4 10 13 11 3 25
27 13 3 12 1 11 3 3 3 12 11 12 12 12 11 10 1 13 2 4 10 2 10 9 5 3 25 27 12 2 5 9 2 10 1 13 3 13 13 25
27 5 9 3 5 13 12 3 5 9 3 4 9 3 12 5 1 4 2 4 13 4 5 9 9 3 25 27 10 11 13 1 11 1 12 12 1 2 13 25
27 11 10 3 13 1 2 3 3 11 10 13 4 11 13 11 11 10 3 4 10 4 3 12 11 11 25 27 11 10 12 11 9 11 2 3 12 3 1 25
27 10 13 1 3 9 5 10 13 1 2 2 4 5 5 5 11 11 5 9 10 11 9 2 13 2 25 27 4 3 5 3 12 4 4 10 4 2 11 25
27 2 1 9 12 1 4 2 10 4 10 1 11 11 2 3 11 1 1 3 5 9 4 4 1 5 25 27 9 9 13 1 13 1 3 11 12 3 1 25
27 5 3 2 13 10 3 5 11 9 10 11 12 13 1 2 10 5 3 11 5 12 5 12 12 2 25 27 13 4 13 5 13 10 12 13 12 11 5 25
27 1 4 5 1 5 13 13 3 11 2 9 3 9 12 10 9 10 3 4 1 11 2 3 2 11 25 27 3 4 2 2 4 11 3 1 3 4 3 25
27 5 9 13 10 1 10 10 1 11 13 13 4 12 12 5 2 2 12 3 4 4 13 1 4 9 25 27 11 10 10 13 9 10 12 12 12 4 10 25
27 13 10 12 13 13 13 4 3 10 4 12 3 10 5 3 13 4 5 5 5 4 1 10 4 5 25 27 2 2 3 4 12 4 10 13 11 1 3 25
27 12 1 2 4 11 1 5 12 10 10 3 10 3 9 10 11 13 10 4 1 1 12 11 9 3 25 27 1 3 12 10 11 9 12 10 13 5 5 25
27 4 9 1 13 9 9 13 11 3 13 5 10 2 10 10 10 12 9 1 11 9 13 12 11 1 25 27 10 9 12 1 2 11 3 13 1 9 4 25
27 3 4 10 11 3 12 11 9 10 1 3 1 4 2 10 12 4 1 13 1 2 10 2 11 13 25 27 5 2 3 13 10 5 11 2 12 10 12 25
27 10 11 9 1 9 9 10 10 4 10 3 9 12 11 12 10 3 9 2 5 9 10 1 12 4 25 27 9 3 3 1 11 5 9 4 1 10 9 25
27 4 4 4 1 4 1 11 4 4 2 13 10 5 4 2 12 13 12 4 11 2 4 13 1 10 25 27 3 12 5 10 4 10 1 13 5 11 3 25
27 4 10 3 3 11 2 4 1 3 3 13 9 10 3 1 1 13 4 4 5 10 2 5 2 5 25 27 1 12 2 1 2 10 11 13 11 3 9 25
27 11 10 10 5 1 11 10 11 1 2 11 3 4 2 2 1 5 5 11 5 12 2 5 9 5 25 27 5 13 9 12 12 13 11 5 5 4 11 25
27 3 1 1 10 2 11 4 9 10 9 2 4 13 5 11 11 4 9 9 10 2 5 3 4 5 25 27 1 5 3 1 9 1 2 3 13 9 3 25
27 4 13 11 11 2 10 4 10 13 2 2 10 17 18 18 18 18 18 18 18 18 18 18 18 18 29 27 2 1 9 12 12 1 11 3 11 4 5 25
27 4 11 12 9 2 11 13 12 12 9 11 13 25 20 34 34 34 34 34 34 34 34 34 34 34 34 35 9 1 1 11 9 13 9 3 12 5 12 25
27 11 11 9 1 4 4 11 2 9 3 3 2 25 27 5 10 11 1 9 5 4 3 4 2 10 10 1 3 3 1 13 2 4 1 2 9 3 4 25
27 11 1 10 10 13 10 9 10 4 3 11 2 25 27 13 5 10 10 4 10 2 12 12 4 12 5 11 4 4 2 9 11 4 4 11 2 3 4 25
27 13 5 2 9 2 1 13 2 10 4 10 5 25 27 9 13 1 2 2 12 10 12 13 11 10 3 2 9 1 5 2 10 9 4 4 12 2 9 25
27 10 13 12 12 3 3 13 12 9 11 2 10 25 27 2 13 4 12 10 4 9 9 9 9 3 5 13 1 11 1 9 5 1 13 10 1 3 11 25
27 4 5 9 5 9 10 12 11 4 4 5 9 25 27 3 11 5 1 2 2 11 12 3 4 13 13 11 1 13 3 10 12 10 4 12 11 5 11 25
27 1 2 12 4 13 3 1 12 1 5 13 12 25 27 9 13 13 11 13 1 9 1 3 4 5 9 1 11 1 12 13 13 5 4 3 1 1 9 25
27 2 5 13 5 5 10 9 4 2 5 12 11 25 27 3 5 10 5 9 12 11 4 3 11 5 4 11 5 9 3 1 11 5 9 12 13 4 1 25
27 1 4 4 5 2 2 10 12 5 13 10 10 25 27 5 12 2 2 10 4 1 1 5 13 1 3 1 2 2 9 5 5 2 4 1 11 11 12 25
27 2 13 5 13 2 10 10 5 3 9 12 10 25 27 2 11 12 12 2 5 2 11 13 2 1 12 3 3 12 12 13 10 4 13 11 4 10 12 25
27 2 2 3 3 11 9 5 4 11 3 9 1 25 27 5 10 11 4 4 5 13 13 5 3 9 2 1 10 1 12 2 2 10 12 5 1 9 9 25
27 2 5 2 12 9 3 1 3 4 12 11 9 25 27 3 5 3 5 9 9 1 5 13 11 3 13 10 2 10 12 1 11 10 11 1 11 2 2 25
27 12 11 9 5 13 11 13 3 4 13 5 1 25 27 12 5 5 12 4 5 1 11 5 12 5 2 3 3 3 3 12 2 3 2 9 13 12 10 25
27 11 5 13 2 12 10 2 3 9 4 10 1 25 27 3 10 2 3 5 10 4 2 12 5 2 11 13 11 10 11 11 12 3 13 1 11 9 1 25
27 4 13 5 12 1 4 3 13 13 9 13 4 25 27 5 12 9 9 4 4 1 12 12 5 4 1 11 13 2 13 11 3 13 5 2 13 2 4 25
27 9 12 17 18 18 18 18 18 18 18 18 18 29 27 2 10 11 13 12 10 5 9 3 1 2 3 3 3 12 4 3 12 13 5 12 11 1 9 25
27 11 9 25 20 34 34 34 34 34 34 34 34 34 35 11 11 3 4 12 9 12 3 2 2 13 10 11 13 1 9 1 1 4 10 9 11 3 10 25
27 12 12 25 27 2 12 13 1 1 11 12 4 9 10 9 4 5 3 2 9 2 3 12 11 5 12 9 1 11 4 12 11 13 3 12 11 12 4 25
27 10 10 25 27 4 3 5 4 3 1 4 9 3 10 11 12 1 3 1 11 10 2 9 3 10 10 1 11 9 2 11 3 4 3 4 1 2 11 25
28 18 18 29 27 1 5 11 1 1 11 4 2 11 2 2 5 9 5 2 2 1 10 1 11 12 12 4 13 11 10 3 13 2 11 5 2 1 12 25
20 34 34 34 35 10 9 10 2 1 2 11 13 3 11 9 5 12 2 5 11 2 3 9 10 9 10 4 5 1 3 2 10 10 10 9 12 4 1 25
27 2 11 1 9 4 3 11 2 9 5 5 11 4 13 10 3 13 5 1 10 11 1 2 2 12 9 5 3 11 11 5 4 12 13 11 13 3 2 25
27 4 10 13 12 4 2 9 11 2 2 13 4 4 1 13 12 4 4 1 11 10 5 1 3 12 11 2 11 10 3 11 11 3 1 11 10 3 4 25
27 4 13 1 1 13 2 4 11 9 2 3 13 5 10 11 13 11 9 9 9 1 10 3 10 2 5 10 3 13 2 11 3 10 3 1 12 13 4 25
27 13 9 3 9 5 11 9 1 2 4 10 12 9 3 9 5 3 5 11 5 13 2 2 12 13 5 13 4 11 3 1 13 13 5 3 4 11 11 25
27 1 12 9 4 11 4 9 2 3 1 11 5 9 12 12 9 10 1 2 2 2 9 4 12 4 4 9 10 3 3 5 13 4 3 9 11 13 9 25
27 9 2 11 4 12 1 11 3 11 9 11 5 9 5 5 2 11 11 4 3 4 10 9 2 1 5 13 4 3 10 4 12 2 12 10 11 5 5 25
27 10 1 3 13 2 2 3 9 4 13 9 11 12 1 10 5 4 4 1 2 2 12 5 1 4 9 13 4 12 1 11 1 10 13 4 5 3 1 25
27 2 10 3 11 9 5 12 11 13 4 1 5 10 13 9 13 4 2 11 11 3 13 12 13 3 9 1 5 11 3 13 13 13 1 9 3 10 12 25
27 13 4 13 10 2 3 2 10 2 12 11 3 4 1 4 13 11 13 11 3 4 11 1 10 4 12 12 12 11 3 5 5 5 1 12 10 9 4 25
27 5 5 5 1 9 10 4 10 9 5 11 1 10 2 2 11 13 13 5 4 13 4 9 12 12 1 13 11 12 12 10 12 12 2 1 11 2 10 25
27 3 10 12 4 10 2 4 13 3 13 9 4 11 12 10 9 12 4 1 3 3 10 9 1 3 4 3 11 1 10 13 3 2 1 5 5 5 5 25
27 2 11 5 3 12 2 2 5 12 10 12 5 11 12 10 3 1 4 10 5 13 10 10 13 1 9 11 9 13 4 5 2 10 12 13 12 3 5 25
27 12 11 12 2 4 5 9 1 3 5 5 13 10 1 11 1 12 13 3 4 13 12 12 10 2 3 3 11 13 4 13 5 3 3 5 9 10 10 25
27 5 13 1 9 5 2 10 9 13 12 11 4 9 3 13 11 5 13 13 10 9 1 3 10 4 4 10 4 2 4 4 12 4 12 4 11 1 13 25
27 3 1 12 13 5 1 10 5 5 4 1 10 4 2 5 4 9 1 13 4 2 1 2 10 3 12 1 5 1 12 3 12 5 4 11 11 9 5 25
27 10 12 13 11 10 3 11 10 11 2 11 9 4 4 11 12 4 9 11 13 13 2 10 9 11 11 1 4 4 11 10 4 10 12 12 10 12 10 25
27 11 13 5 3 9 2 3 9 1 5 5 1 13 1 5 5 12 9 11 2 1 13 13 4 13 5 4 2 2 12 4 4 1 3 12 13 4 10 25
27 10 9 13 11 10 2 9 9 1 3 1 11 2 4 5 11 9 11 4 2 4 4 2 1 10 13 11 5 4 3 2 11 3 11 13 2 3 12 25
27 5 10 3 10 11 2 4 1 10 5 2 3 5 12 10 10 1 11 5 5 2 9 11 3 9 5 4 1 3 1 12 12 1 9 5 12 9 3 25
27 3 5 4 4 12 4 4 2 3 9 5 4 4 2 11 4 2 2 1 11 1 13 4 11 11 3 13 13 2 10 13 9 11 12 13 10 11 10 25
27 1 9 5 11 10 12 12 4 12 2 1 3 11 5 9 1 3 4 10 3 9 11 9 5 12 4 12 5 13 9 9 4 4 12 12 11 10 1 25
27 9 1 2 2 13 12 5 10 10 11 10 4 12 2 10 11 4 9 1 12 1 1 13 4 5 5 13 5 13 9 4 1 10 5 9 4 2 11 25
27 12 1 11 9 12 3 5 1 5 3 5 9 9 5 9 3 4 3 9 10 2 2 13 5 13 2 1 9 5 3 5 10 5 12 2 10 10 5 25
27 4 3 1 4 1 12 10 9 2 2 9 11 11 4 2 1 9 10 13 13 3 11 2 4 11 1 4 1 12 4 4 1 1 2 2 10 4 10 25
27 1 10 5 10 5 4 9 10 3 11 3 9 9 13 3 4 11 9 11 12 1 10 11 2 9 13 11 2 5 12 10 2 5 5 2 2 13 13 25
27 2 4 9 11 3 5 12 13 12 5 1 12 12 2 9 11 13 4 3 13 5 9 9 9 9 12 1 3 5 1 2 13 2 11 13 1 12 13 25
27 1 4 10 12 4 2 12 1 13 13 2 2 13 11 5 10 4 3 3 13 13 10 9 1 2 5 3 3 1 4 3 10 2 3 5 4 10 13 25
27 11 9 2 13 4 10 3 10 5 11 5 3 12 3 1 10 4 5 9 12 10 10 9 3 13 3 2 4 9 1 12 3 2 11 11 9 10 10 25
27 2 5 1 13 11 10 5 12 10 4 5 9 4 10 2 10 4 5 9 1 4 12 5 5 9 13 9 13 2 10 12 13 1 12 12 13 10 12 25
27 5 13 5 10 12 2 5 9 10 12 4 3 3 1 4 2 13 11 10 3 5 9 3 3 1 2 10 5 4 9 13 11 1 13 10 9 10 9 25
27 5 4 2 11 12 13 4 12 13 3 3 9 12 10 11 12 1 4 4 5 13 1 3 13 3 2 12 9 13 3 12 1 11 13 10 11 13 3 25
27 1 13 1 4 10 3 12 12 4 13 2 9 2 4 13 10 2 9 9 3 5 5 10 10 10 5 10 1 11 3 5 4 1 4 1 12 10 13 25
27 1 4 12 3 13 9 1 13 11 13 2 2 4 4 13 9 12 3 1 5 5 9 10 5 13 2 2 4 3 1 4 12 10 12 1 11 5 12 25
27 5 13 13 12 3 9 2 11 13 12 9 11 3 4 11 2 4 5 10 11 3 5 4 13 13 4 12 1 4 12 13 2 13 13 13 9 3 10 25
27 12 11 13 5 12 13 9 5 4 5 10 9 12 10 10 12 5 1 4 11 10 5 1 2 11 9 1 12 10 13 5 9 4 11 5 13 10 13 25
27 5 12 13 1 5 4 11 9 12 12 5 12 2 4 12 9 5 13 5 4 3 1 10 1 12 5 10 1 4 3 9 1 9 5 10 5 13 2 25
27 9 1 4 11 3 12 11 11 3 9 12 12 11 3 9 9 4 10 3 10 11 11 3 12 9 3 3 2 4 12 4 9 5 10 1 9 5 10 25
27 3 12 9 13 9 2 11 3 1 3 3 9 9 5 13 11 11 12 2 2 13 3 11 2 12 2 2 11 11 4 12 5 5 12 10 13 3 12 25
27 5 13 1 11 9 4 13 1 1 11 11 5 5 11 4 13 5 13 2 4 10 10 5 10 12 2 9 10 11 5 9 3 5 9 3 2 1 10 25
27 1 9 1 13 12 3 9 1 12 3 10 11 11 13 1 9 10 5 1 10 9 2 12 4 9 11 9 9 13 9 9 10 1 13 3 1 12 5 25
27 3 11 10 10 4 1 4 9 13 12 12 12 1 13 11 2 1 4 13 9 9 3 3 1 11 10 11 12 13 9 10 4 13 2 3 10 3 3 25
27 4 4 1 9 11 4 12 3 2 2 5 10 2 9 1 2 5 3 12 5 11 5 12 9 13 3 11 3 13 1 11 2 1 10 2 11 1 4 25
27 3 10 10 4 13 11 12 1 1 9 4 13 11 3 12 11 4 3 9 1 10 4 11 9 12 1 5 1 1 5 13 4 5 11 5 3 10 9 25
27 13 3 9 5 2 5 13 13 3 1 5 9 2 3 9 13 2 10 10 11 11 12 12 12 4 5 3 4 1 11 13 13 11 11 3 1 10 4 25
27 13 13 5 1 4 12 4 11 11 5 11 5 13 11 10 12 2 2 13 4 11 13 4 11 4 5 9 12 10 10 5 13 4 3 9 11 5 2 25
27 12 1 13 10 1 13 2 12 3 1 1 3 11 1 10 10 13 10 13 13 10 3 10 11 5 12 9 9 4 9 9 5 9 3 10 3 10 5 25
27 10 12 10 1 9 1 13 9 4 4 3 4 5 12 12 3 4 11 2 12 12 4 3 1 5 11 5 11 4 12 10 11 3 4 12 10 2 11 25
27 11 11 1 1 12 2 4 12 3 2 12 4 5 2 13 2 13 11 5 2 1 3 10 13 3 9 2 12 12 9 11 10 4 9 13 5 13 11 25
27 4 9 9 2 1 13 11 5 1 9 5 4 2 1 3 2 10 3 13 9 5 13 1 2 11 9 11 9 3 9 13 13 3 9 12 4 5 5 25
27 12 1 1 12 13 13 10 1 11 9 10 1 4 9 10 10 9 12 3 1 13 1 10 5 13 3 1 5 11 13 9 13 12 2 1 13 9 13 25
27 4 12 5 10 4 13 4 13 5 3 11 2 10 10 9 10 1 13 3 9 11 11 13 2 1 2 3 1 2 1 3 13 1 5 10 4 13 9 25
27 4 4 10 1 9 10 4 3 3 1 11 4 11 3 2 4 3 5 3 13 1 4 13 4 11 9 3 12 3 11 13 11 13 9 10 11 4 4 25
27 3 3 1 5 9 4 1 12 4 5 9 12 5 5 12 1 10 10 9 11 10 13 9 12 12 11 10 10 4 3 3 9 5 10 5 13 2 9 25
27 4 12 4 1 9 2 11 4 9 11 11 12 1 9 1 12 1 4 2 3 3 13 3 13 13 9 12 5 5 12 12 11 4 12 2 10 13 2 25
27 11 13 5 2 11 4 11 9 13 9 13 2 12 13 1 5 2 3 3 13 2 2 11 5 11 2 2 1 5 10 12 9 11 12 1 2 4 2 25
27 5 5 3 13 1 4 9 12 4 5 12 12 10 4 4 13 1 12 5 12 11 3 1 3 2 2 1 2 1 9 12 11 11 9 12 1 10 9 25
27 3 3 13 11 9 3 3 9 12 3 13 5 2 9 5 10 12 10 5 13 1 13 4 13 10 1 9 1 4 4 9 12 13 13 11 2 5 2 25
27 3 1 4 12 1 3 10 9 9 3 2 4 3 13 10 10 10 3 1 2 12 1 1 3 11 5 5 5 12 4 9 3 1 4 11 11 10 10 25
27 10 9 12 11 2 10 13 10 3 13 12 13 1 9 3 5 13 5 10 11 12 9 11 9 9 10 3 13 9 10 11 10 3 12 4 2 4 10 25
27 13 2 5 4 4 4 9 3 9 9 10 11 3 12 13 9 11 12 9 10 10 10 12 12 11 2 5 12 4 5 3 11 5 4 4 4 2 3 25
27 3 9 11 4 5 13 3 4 12 2 3 3 10 2 5 4 1 3 4 13 12 2 9 9 5 12 3 11 12 4 1 9 3 1 12 5 3 13 25
27 2 5 9 1 13 3 1 12 2 4 3 4 3 10 12 1 13 12 12 2 12 5 9 1 10 5 2 4 1 1 3 2 5 1 5 3 11 4 25
27 2 4 5 4 1 3 4 2 12 2 11 13 13 10 4 12 12 11 12 4 10 9 11 5 9 9 2 4 10 11 4 9 9 13 3 4 13 2 25
27 2 2 2 12 5 9 5 11 1 10 10 2 11 12 9 4 13 10 9 9 11 4 13 4 12 2 13 9 12 3 12 1 2 5 3 3 9 2 25
27 11 5 5 5 11 13 2 3 1 11 10 11 3 4 4 9 13 1 2 4 3 9 5 10 13 13 13 10 2 11 1 2 4 12 4 10 5 13 25
27 4 3 3 1 11 12 11 9 9 10 1 5 2 12 3 9 2 4 12 10 4 4 1 9 5 5 10 3 1 11 5 1 10 12 10 2 12 2 25
27 4 11 9 9 1 1 12 11 12 13 5 9 2 9 5 11 1 13 2 12 5 2 13 13 13 9 11 12 10 9 13 5 12 10 5 12 11 4 25
27 5 9 5 3 4 2 10 10 13 12 11 11 11 12 11 10 1 12 10 10 3 5 2 5 2 4 12 12 4 4 1 13 12 11 1 11 4 5 25
27 11 2 5 4 3 12 11 11 12 11 4 2 4 2 13 10 1 3 10 2 10 9 13 3 1 2 2 11 13 3 3 3 9 11 5 10 5 17 29
27 1 11 2 3 13 11 2 3 5 5 1 10 5 12 13 11 13 10 13 3 13 1 9 9 10 12 13 12 5 4 4 12 9 9 13 10 9 25 36
27 1 11 1 9 12 3 3 13 13 4 2 3 5 5 1 13 13 11 12 1 5 5 10 9 9 2 4 5 1 3 4 3 5 10 13 5 3 25 36
27 4 13 13 11 11 4 1 10 2 10 5 5 5 10 2 10 11 2 4 5 2 13 9 3 3 13 13 3 2 12 12 2 9 9 1 12 3 25 36
27 1 2 9 3 11 1 12 13 1 12 4 4 2 1 9 3 4 10 3 2 4 4 12 1 13 9 11 11 5 12 12 9 4 10 5 13 3 25 36
27 9 4 10 5 3 2 1 1 1 13 1 4 12 11 4 1 11 2 9 13 2 9 11 12 3 13 3 5 13 13 3 10 3 11 1 3 13 25 26
27 3 13 10 4 9 10 12 4 10 4 11 4 5 12 2 11 12 3 3 11 1 5 5 3 3 3 5 1 5 2 10 3 11 12 1 5 5 25 36
27 13 4 4 12 2 2 1 4 12 11 11 9 12 4 4 9 5 11 2 12 12 12 10 2 1 4 3 11 13 13 2 13 4 2 10 17 18 29 26
27 12 1 4 12 10 3 11 4 12 2 11 9 3 9 3 13 10 9 1 1 2 5 9 11 12 1 13 5 5 4 13 1 9 2 13 25 36 26 26
27 4 5 2 9 3 3 1 3 13 13 2 5 2 3 4 10 13 9 9 4 2 4 10 11 13 5 11 4 3 12 2 3 17 18 18 29 26 36 26
27 11 12 10 1 1 13 1 2 11 10 10 5 11 13 2 1 1 3 13 3 12 12 4 4 4 2 10 11 1 1 13 3 25 26 36 36 26 36 36
27 3 2 13 5 1 3 12 13 9 11 5 4 10 5 10 9 1 5 5 5 10 5 1 2 3 11 11 5 3 17 18 18 29 36 36 26 26 26 36
27 4 13 10 9 3 10 11 5 13 12 1 1 1 10 2 9 5 10 10 12 10 1 12 4 4 9 3 10 11 25 20 34 34 34 34 34 34 34 34
27 3 2 10 9 11 2 10 9 4 3 12 3 1 10 9 5 10 4 12 10 5 1 10 9 13 13 1 1 2 25 27 11 10 11 11 12 9 12 11
27 13 1 10 11 11 4 5 10 5 1 13 13 9 4 4 5 4 11 2 10 1 9 3 5 2 2 11 4 11 25 27 4 3 1 10 2 3 4 4
27 12 12 2 11 11 5 5 1 3 13 12 3 1 4 2 3 4 3 2 10 2 4 5 10 12 11 9 5 9 25 27 3 9 1 1 95 95 10 3
27 4 1 10 9 1 12 1 9 3 1 10 1 4 2 1 3 9 2 3 12 3 12 5 10 9 12 3 11 1 25 27 9 9 2 95 95 10 95 10
27 13 3 9 11 4 4 5 9 10 10 1 9 12 3 4 1 5 2 11 9 2 1 1 5 4 2 12 4 10 25 27 2 9 4 2 11 2 1 12
27 11 5 9 13 11 11 3 9 10 4 4 12 11 1 12 5 10 4 11 3 10 12 4 13 9 1 5 1 12 25 27 1 12 9 1 2 9 4 12
27 9 2 10 13 10 10 9 10 3 12 9 3 5 3 9 3 11 12 1 11 1 3 13 5 11 9 10 9 11 25 27 4 11 11 3 4 11 5 2
27 10 2 3 12 10 12 9 4 5 1 9 3 3 5 1 10 11 9 10 11 5 9 12 13 11 1 9 9 1 25 27 2 3 3 1 4 9 11 12
27 2 5 11 5 13 2 5 9 5 10 5 3 1 3 5 11 2 4 11 11 4 5 2 13 9 11 3 1 11 25 27 11 10 5 12 11 1 1 3
27 11 11 12 12 1 1 3 5 1 9 5 13 1 10 5 13 11 5 4 11 11 12 9 13 13 5 2 2 12 25 28 18 18 19 2 2 4 92 92
27 3 10 3 10 13 9 5 11 12 2 3 3 13 2 9 13 1 5 9 3 10 4 10 9 12 3 4 1 13 25 36 36 26 27 4 9 12 11 12
27 12 13 3 11 9 13 1 3 2 5 5 13 11 5 13 12 12 2 12 2 2 5 10 5 5 13 9 10 1 25 36 26 26 27 2 1 9 3 11
27 13 11 5 12 4 12 13 4 1 11 12 11 2 12 9 2 12 13 13 3 1 4 9 2 4 10 13 3 11 25 20 21 26 27 2 12 12 3 1
27 1 3 13 9 12 9 10 9 2 4 11 5 1 13 12 1 13 11 2 11 12 9 5 3 9 9 1 3 13 25 28 29 26 27 95 96 11 95 12
27 2 11 5 12 3 3 11 1 2 9 11 3 13 3 11 9 12 10 12 4 12 9 1 1 5 12 2 11 2 25 36 26 26 27 12 3 95 96 1
27 3 12 12 5 12 2 10 2 10 9 2 2 13 5 1 11 5 5 3 4 3 11 3 11 1 4 2 5 10 25 36 36 26 27 11 12 2 2 2
27 4 4 13 2 9 1 12 9 13 9 9 11 5 1 11 5 5 9 9 9 13 9 12 3 2 4 3 11 11 25 26 26 26 27 1 12 12 96 11
27 9 10 4 13 1 5 2 2 4 2 1 1 1 13 11 5 1 5 12 4 2 3 2 10 11 2 9 13 1 25 36 36 26 27 11 95 12 11 92
27 5 12 11 1 3 3 1 13 13 4 3 12 5 4 11 13 5 9 1 2 13 5 11 17 18 18 19 13 4 25 26 26 36 27 2 1 95 10 9
27 11 5 3 4 2 3 9 2 9 5 11 11 12 4 10 11 5 3 11 10 13 4 9 25 36 26 28 19 9 25 20 21 20 35 11 3 11 10 1
27 10 13 10 5 5 4 4 5 11 13 12 1 10 10 5 1 5 3 2 13 4 12 12 33 21 36 26 28 18 29 28 29 27 1 2 9 96 1 10
27 13 13 5 1 2 9 3 13 12 12 2 13 3 1 13 5 5 10 4 13 2 11 10 1 25 20 34 34 34 34 34 34 35 95 95 10 11 17 18
27 3 4 9 13 3 9 10 12 1 2 3 1 1 5 5 5 3 5 5 10 3 9 13 17 29 27 2 1 2 2 1 2 1 95 95 10 3 25 36
27 10 12 13 12 5 12 9 12 11 2 2 3 5 13 3 5 10 11 5 1 10 13 12 25 36 28 18 18 18 18 19 2 2 9 12 2 5 25 26
27 12 13 2 11 13 11 13 1 13 11 1 2 10 4 13 4 3 11 10 9 2 1 2 33 21 36 20 34 34 21 27 2 17 18 19 2 1 25 36
27 4 4 2 2 5 11 3 4 3 3 1 13 4 12 4 5 13 9 11 3 1 12 10 1 33 21 27 2 2 25 27 2 25 36 27 2 1 25 36
27 5 12 3 3 4 5 2 5 3 5 12 4 11 9 5 11 3 13 10 10 10 5 5 3 12 33 35 4 4 25 27 2 25 36 27 1 2 25 36
27 1 1 1 3 13 3 10 5 2 9 9 1 13 10 4 13 10 9 2 2 2 12 9 4 1 11 11 3 11 25 27 2 25 26 28 18 18 29 36
27 4 13 1 1 12 10 2 1 3 9 9 13 3 12 4 9 2 12 9 1 5 12 5 3 9 4 13 10 4 25 28 18 29 36 26 36 26 36 26
27 11 9 3 2 10 12 10 1 10 12 5 17 18 18 18 18 18 18 18 18 18 18 18 18 19 10 2 11 11 25 36 26 26 36 26 36 26 26 26
27 12 12 12 5 11 10 5 1 2 1 11 25 26 26 36 26 36 26 26 26 36 36 26 26 27 10 5 1 5 33 34 34 34 34 34 21 36 36 36
27 9 2 4 12 9 2 11 10 12 3 1 25 26 26 36 36 26 36 36 26 36 26 26 36 27 11 12 2 1 10 11 3 10 10 10 25 36 36 26
27 2 12 13 5 12 2 2 1 4 1 3 25 36 36 26 36 26 26 36 36 26 26 36 26 27 3 11 10 9 10 2 12 12 1 5 25 26 26 36
27 9 10 5 9 10 4 5 10 4 5 5 25 36 26 36 36 26 26 36 26 26 26 36 36 27 3 3 9 3 5 1 2 9 11 9 25 36 36 36
27 11 5 4 1 10 13 2 13 2 4 10 25 26 36 36 26 36 36 36 36 36 26 36 26 27 2 5 13 11 4 2 9 2 13 5 25 36 26 36
27 13 11 1 10 4 13 4 5 1 3 9 25 36 36 26 36 36 36 36 26 26 36 36 36 27 2 12 12 11 3 11 12 2 1 2 25 26 26 26
27 2 10 12 12 9 2 2 11 11 3 4 25 26 26 36 26 26 36 26 36 26 26 26 26 27 1 5 1 2 13 4 9 1 4 3 25 36 26 26
27 5 5 3 9 11 3 4 10 12 11 4 25 36 36 26 36 26 26 36 26 36 26 36 36 27 9 11 13 3 2 1 3 1 5 1 25 26 26 26
27 11 9 10 13 12 12 5 13 9 11 3 33 34 34 34 34 34 34 34 34 34 34 34 34 35 4 1 13 2 10 10 10 13 10 5 25 36 26 26
27 10 13 9 3 5 3 13 2 2 11 9 1 12 2 13 1 5 10 3 11 4 3 1 10 12 1 5 11 3 3 4 1 9 4 5 25 36 26 36
27 11 5 12 4 1 2 11 2 12 5 3 12 4 3 4 3 1 5 5 12 5 11 10 2 1 4 13 4 11 2 2 12 3 4 9 25 36 36 36
27 2 9 3 12 3 13 3 13 12 11 9 10 11 3 5 12 5 9 4 10 13 3 4 9 13 9 12 9 4 12 11 1 11 11 4 25 26 26 36
27 10 4 10 12 12 10 4 10 3 12 11 11 10 12 4 5 1 4 10 2 9 13 3 4 11 12 11 11 13 10 5 9 5 5 12 25 36 36 36
27 10 4 3 1 10 12 3 2 13 3 2 4 10 11 3 3 9 4 13 3 4 1 2 3 3 9 2 1 9 3 10 2 3 1 5 25 36 26 36
27 12 1 4 3 13 2 11 2 12 11 1 9 13 1 13 13 5 13 9 1 10 9 3 4 11 11 10 10 2 9 12 13 11 2 3 25 26 26 26
27 11 1 2 1 12 11 2 11 1 3 13 12 10 3 11 9 11 10 10 5 11 13 10 13 9 12 1 1 12 2 3 2 9 4 10 25 36 26 26
27 5 11 1 13 13 13 5 1 12 1 11 10 11 4 11 3 3 5 5 12 3 10 1 13 5 11 4 2 13 4 10 5 9 12 3 25 26 36 36
27 2 13 5 10 11 9 13 4 11 3 1 9 9 5 3 2 13 9 9 2 5 10 9 3 10 3 11 10 1 3 12 5 2 12 4 25 36 26 26
27 5 13 12 12 12 9 12 1 12 5 10 3 12 1 2 10 3 9 5 3 1 3 10 3 13 9 4 2 1 9 10 5 1 11 5 25 26 36 36
27 4 9 12 2 10 1 9 10 13 1 4 2 10 5 13 2 10 11 4 11 12 11 4 10 10 10 5 5 12 1 3 10 11 4 9 25 26 26 36
27 11 10 9 2 5 10 10 2 2 13 9 4 1 2 13 3 4 2 2 4 4 3 11 2 11 4 10 2 1 12 4 12 10 3 11 25 36 36 36
27 4 9 11 1 1 10 1 12 3 11 12 12 1 4 2 12 4 10 10 5 12 9 5 11 4 2 4 13 2 13 2 1 12 10 2 25 26 26 36
27 10 1 2 10 1 5 4 4 9 2 3 13 12 12 12 1 4 10 9 4 1 1 9 12 12 5 4 5 9 13 11 3 10 1 2 25 36 36 26
27 5 3 11 3 9 13 1 10 1 1 12 10 13 4 11 11 1 11 11 9 10 3 4 4 11 1 4 13 11 4 4 9 13 11 5 25 26 36 36
27 13 9 3 13 12 10 1 4 1 4 1 2 12 9 3 4 12 1 9 4 10 4 4 3 2 1 1 13 3 11 4 9 13 13 11 25 26 36 26
28 18 18 18 18 18 18 18 18 19 1 9 1 12 1 4 9 11 13 3 10 13 2 3 12 12 1 2 13 1 3 2 3 9 1 4 25 36 36 36
36 36 26 36 26 36 36 36 26 27 2 4 12 4 3 3 11 1 5 5 2 11 1 1 12 9 5 2 11 10 5 12 10 5 12 1 25 26 26 26
26 20 34 34 21 36 36 26 36 27 1 4 1 11 5 9 2 1 3 4 11 12 4 9 13 3 13 11 1 2 4 13 12 3 10 9 25 26 26 36
26 27 89 1 33 21 26 26 36 27 10 12 2 10 11 1 13 10 9 10 3 4 3 11 3 2 4 12 1 4 11 5 3 12 9 1 25 26 36 26
26 28 19 1 1 33 21 26 26 27 13 5 4 11 2 13 4 13 5 13 9 2 12 3 13 3 3 4 11 2 12 11 2 10 10 3 25 26 26 36
36 26 28 19 1 1 25 36 26 27 12 2 9 10 13 5 2 5 3 11 3 13 4 2 11 5 2 10 10 9 10 1 1 13 4 12 25 26 26 26
36 36 20 35 2 1 25 36 26 27 2 9 5 13 5 3 1 12 13 9 9 11 5 10 4 10 2 4 13 2 1 3 9 5 2 10 25 36 36 26
26 20 35 1 2 2 25 36 36 27 13 13 2 13 4 5 9 13 1 5 5 12 5 2 9 12 1 1 12 12 12 2 3 2 3 2 25 26 36 36
26 27 1 2 2 2 25 26 36 27 1 3 13 11 2 2 5 2 9 4 11 10 11 2 4 3 3 4 13 2 5 4 1 13 10 10 25 26 36 36
26 27 1 2 2 1 25 20 34 35 3 12 9 13 10 5 2 12 4 11 12 4 10 9 11 9 11 3 4 5 5 12 2 1 4 10 25 26 26 36
36 28 19 1 2 17 29 27 1 2 5 11 11 9 1 9 11 5 2 11 11 5 11 10 12 10 11 4 5 10 5 9 1 10 3 2 25 36 26 26
26 26 28 18 18 29 26 27 1 2 4 3 13 10 13 12 5 11 11 10 10 4 3 12 9 9 5 10 5 2 13 9 4 5 10 13 25 26 26 26
26 26 36 20 34 34 34 35 1 2 5 2 10 2 4 4 13 3 10 11 4 9 11 3 10 13 4 5 4 9 1 4 10 13 4 3 25 26 36 36
36 26 26 27 13 5 11 10 1 4 5 2 4 9 3 3 5 13 9 10 5 13 11 12 11 4 9 1 10 3 12 3 10 12 9 5 25 26 26 36
26 36 26 27 11 4 10 10 10 13 4 11 2 2 12 1 10 12 1 13 12 11 9 11 10 3 2 12 12 2 2 4 4 4 4 1 25 36 26 26
36 26 36 27 1 11 11 12 9 12 11 11 4 12 5 4 12 13 5 1 3 3 4 11 2 1 1 9 2 5 3 13 5 10 1 9 25 36 36 36
26 36 36 27 9 12 2 10 12 1 3 4 11 12 2 3 2 13 5 13 10 9 1 9 9 3 2 11 9 9 12 9 12 9 5 13 25 36 26 36
26 26 36 27 1 2 4 2 9 4 1 4 2 3 4 13 5 4 2 13 1 3 4 12 5 13 4 13 3 12 12 4 11 1 9 12 25 26 26 36
26 26 26 27 10 11 4 5 4 5 10 11 4 2 1 12 13 9 2 1 11 12 5 1 10 13 12 2 2 1 10 10 9 13 13 9 25 36 26 26
36 26 26 27 12 3 1 11 4 3 11 5 11 4 3 5 1 4 13 4 2 4 1 4 1 5 1 3 3 3 1 2 10 10 5 9 25 26 26 26
36 36 36 27 5 4 1 11 11 2 13 9 10 1 2 3 11 2 3 9 12 1 13 5 12 10 13 5 5 9 1 2 12 3 1 2 25 26 36 36
26 36 26 27 13 11 13 3 11 4 1 9 3 10 5 1 4 4 13 3 12 13 11 3 5 9 9 12 11 2 2 12 12 5 3 13 25 26 36 26
26 26 36 27 12 11 5 2 10 5 12 13 9 13 1 9 5 1 13 2 11 10 13 4 5 13 12 1 4 3 5 9 12 9 3 11 25 36 36 26
36 26 26 27 12 4 2 11 1 13 1 4 2 1 5 2 13 10 4 10 12 5 12 5 9 9 5 3 1 4 12 5 5 2 10 1 25 26 36 36
26 36 26 27 13 2 1 3 1 11 1 4 12 4 5 3 11 10 11 2 4 1 10 4 3 1 12 4 11 3 9 5 11 5 4 4 25 26 26 36
36 36 36 27 2 13 13 11 12 4 13 13 5 1 5 4 10 10 5 11 4 1 3 12 11 2 11 12 12 2 9 1 10 9 5 5 25 36 26 36
36 36 26 27 10 1 11 11 10 2 10 1 12 9 11 11 13 10 9 9 9 4 1 9 13 1 1 5 12 9 2 9 10 13 11 4 25 26 36 26
26 26 26 27 11 11 1 10 10 3 3 13 9 5 4 12 1 1 1 1 11 4 1 2 10 1 9 4 11 5 3 9 13 9 11 10 25 26 36 36
36 36 36 27 13 1 13 3 9 11 1 4 12 3 1 13 4 1 11 2 12 5 13 13 12 12 12 2 13 12 9 3 5 13 11 13 25 26 36 36
26 26 26 27 10 4 1 13 3 9 13 11 4 13 1 12 5 5 9 9 9 3 12 1 1 5 10 12 13 10 10 13 11 10 13 1 25 26 36 26
26 36 36 27 11 9 5 10 9 3 9 1 5 12 12 9 9 12 12 3 4 3 11 3 13 3 12 12 10 10 10 13 11 4 4 13 25 36 36 36
36 26 26 27 9 3 12 1 12 5 11 13 3 1 12 12 9 2 13 1 12 12 5 12 2 5 12 3 9 5 2 4 12 13 12 4 25 36 26 26
36 36 26 27 9 12 4 3 3 1 5 9 3 9 9 2 1 12 11 10 5 11 5 5 13 1 9 5 13 12 3 11 1 2 10 9 25 26 36 36
26 26 36 27 10 2 13 3 10 3 3 5 2 3 1 12 13 4 1 2 2 3 2 13 9 3 4 4 5 1 11 4 5 1 1 3 25 36 36 26
26 26 26 28 18 18 18 18 18 18 18 18 18 18 18 18 18 18 18 18 18 18 18 18 18 18 18 18 18 18 18 18 18 18 18 18 29 26 26 36
26 26 26 26 26 26 26 26 26 26 26 26 26 26 26 26 26 26 26 26 26 26 26 26 26 26 26 26 26 26 26 26 26 26 26 26 26 26 26 26
20 34 34 34 34 34 34 34 34 34 34 34 34 34 34 34 34 34 34 34 34 34 34 34 34 34 34 34 34 34 34 34 34 34 34 34 34 34 34 21
27 12 1 13 9 4 9 5 2 11 11 9 11 5 2 13 9 10 10 10 12 2 12 11 12 9 9 4 2 12 2 3 13 9 9 12 4 9 13 25
27 4 3 1 10 1 10 11 12 2 3 13 9 2 5 11 1 13 4 11 12 10 3 3 5 5 5 1 4 5 9 12 3 5 3 12 5 5 1 25
27 10 9 3 2 13 4 4 9 12 3 9 3 11 10 5 10 3 10 5 2 12 11 10 4 11 3 13 1 4 11 5 4 9 11 2 4 10 9 25
27 13 3 4 5 1 4 9 9 12 3 4 1 10 12 10 13 10 5 3 10 4 3 2 1 1 4 3 3 4 4 13 12 3 2 5 9 9 2 25
27 2 5 11 4 2 5 12 11 13 13 12 10 1 2 5 2 12 12 10 13 1 2 3 1 12 9 9 12 11 3 2 5 2 12 5 9 12 1 25
27 10 2 13 3 10 5 13 2 3 2 9 9 5 10 2 9 10 1 13 10 10 13 4 13 2 13 10 9 4 5 10 4 2 5 11 3 3 13 25
27 13 2 5 2 1 2 1 11 11 4 13 12 4 12 10 13 2 10 13 10 12 10 11 9 11 5 3 12 3 1 13 4 1 1 12 11 10 13 25
