97 98 98 98 98 98 98 98 98 98 98 98 92 92 92 98 98 98 98 98 98 98 98 98 98 98 98 98 98 98 89 98 25 27 98 98 98 98 98 99
113 92 3 5 5 2 4 4 2 5 5 3 92 92 92 2 2 6 7 3 37 37 37 1 4 5 5 5 93 94 94 94 25 27 94 93 5 5 5 115
113 4 2 5 5 1 2 3 4 5 5 1 3 1 1 2 1 14 15 3 93 94 93 94 37 37 37 94 94 94 94 94 33 35 93 93 93 133 1 115
113 2 89 3 3 4 2 4 2 4 4 1 92 92 92 4 1 1 4 4 92 94 93 93 94 94 94 93 37 37 37 94 4 94 94 93 94 3 3 115
113 1 4 3 17 18 18 18 18 19 2 3 92 92 92 3 97 99 2 2 133 94 93 94 94 94 94 94 3 4 94 94 89 93 17 19 93 1 5 115
113 2 1 4 25 26 36 26 36 27 3 2 3 3 1 1 129 131 4 5 5 93 94 105 106 107 93 94 4 101 94 93 4 2 25 27 3 101 5 115
113 5 5 2 25 36 20 21 26 27 4 5 5 1 3 2 2 4 3 4 4 94 93 121 122 123 94 93 94 93 93 93 5 5 33 35 93 94 93 115
113 5 5 1 25 36 28 29 26 27 4 5 5 2 105 106 107 2 4 133 3 93 93 137 138 139 94 94 94 105 106 107 93 94 94 94 94 94 4 115
113 3 2 4 25 36 26 36 26 27 3 101 101 1 121 122 123 1 2 4 3 94 94 93 93 93 93 93 93 121 122 123 93 94 93 93 94 133 3 115
113 4 4 1 33 34 34 34 34 35 2 101 101 2 137 138 139 3 3 1 133 93 5 5 5 5 93 94 3 137 138 139 3 3 2 101 4 93 94 115
113 1 4 2 4 3 3 4 2 3 4 4 1 3 4 3 4 2 1 3 4 94 93 93 93 94 93 94 93 94 93 93 93 93 93 1 1 1 101 115
113 101 2 5 5 2 1 4 3 5 5 4 3 2 2 3 4 3 3 133 1 4 3 1 5 5 5 5 2 90 2 3 4 2 4 133 94 93 94 115
113 101 4 5 5 3 2 4 1 5 5 3 4 4 1 133 2 4 1 4 2 2 101 1 1 93 93 93 2 94 94 94 93 133 3 3 93 93 93 115
113 1 4 3 1 2 92 92 2 3 1 3 3 4 1 101 2 6 7 3 101 1 3 1 1 3 5 5 5 5 93 93 93 94 93 1 1 101 1 101
113 2 3 2 4 1 4 1 3 1 4 3 3 133 3 37 37 14 15 3 3 3 101 101 101 4 4 94 94 93 3 3 5 5 5 3 3 3 2 115
18 18 19 2 102 103 104 102 103 104 2 3 4 4 4 2 4 1 4 4 1 2 4 4 1 4 2 91 108 109 4 5 5 16 5 5 1 4 133 115
26 26 27 1 118 119 120 118 119 120 2 91 4 89 3 1 5 5 4 3 1 1 5 5 2 1 1 91 124 125 2 5 16 26 16 5 3 2 1 115
26 36 27 3 134 135 136 134 135 136 4 91 2 1 3 5 5 5 5 4 4 5 5 5 5 5 1 6 7 4 3 5 5 16 5 5 3 3 92 115
36 36 27 2 4 91 91 91 91 91 3 91 2 1 2 5 5 5 5 5 5 5 5 5 5 5 4 14 15 4 1 2 5 5 5 4 2 3 133 60
26 26 27 2 102 103 104 102 103 104 3 91 4 90 3 2 4 5 5 17 19 5 5 2 1 1 3 2 3 1 1 133 4 3 133 3 1 2 1 68
34 34 35 1 118 119 120 118 119 120 2 91 4 3 2 2 4 5 5 33 35 5 5 4 4 4 2 3 1 1 1 89 4 1 2 2 2 1 92 115
113 1 4 3 134 135 136 134 135 136 4 2 2 3 2 5 5 5 5 5 5 5 5 5 5 5 4 4 1 4 3 4 2 17 18 18 19 1 92 115
113 1 4 1 90 4 4 4 1 2 4 3 4 4 3 5 5 5 5 1 4 2 5 5 5 5 1 1 16 16 16 3 2 25 20 21 27 2 3 60
113 2 133 133 4 1 101 101 101 4 17 18 19 1 89 1 5 5 4 4 2 2 3 5 5 1 2 1 16 16 16 4 3 25 28 29 27 2 2 68
113 92 1 1 2 1 101 101 101 4 25 26 27 3 4 2 2 2 90 4 1 4 90 4 1 4 2 3 1 3 1 2 4 33 34 34 35 4 2 115
113 4 1 3 4 4 2 4 3 3 33 34 35 3 2 1 1 4 4 4 3 1 1 37 37 4 3 2 1 92 1 2 3 2 133 133 2 6 39 115
113 2 92 3 92 3 2 4 3 3 1 3 2 4 5 5 5 5 1 2 2 6 7 3 3 1 133 4 1 92 3 1 2 2 3 1 1 32 31 72
113 89 3 108 109 4 108 109 1 2 133 133 3 4 5 5 5 16 2 4 2 14 15 4 3 3 92 2 1 4 4 5 5 5 3 3 2 32 31 72
113 3 4 124 125 1 124 125 2 4 1 3 1 4 1 4 2 16 4 1 91 1 3 2 2 2 3 2 4 2 4 1 133 4 3 4 101 32 71 72
90 4 3 91 91 91 91 2 97 98 98 98 98 98 98 99 2 16 3 4 1 91 4 133 3 4 4 133 133 4 2 3 1 4 1 1 1 32 87 88
113 2 3 3 4 1 2 3 113 91 100 96 96 96 100 115 4 16 3 4 4 3 4 133 3 4 1 1 93 93 101 3 1 101 2 3 1 32 31 71
113 89 4 108 109 4 108 109 113 91 115 96 96 96 115 115 3 16 4 6 7 92 4 4 97 98 99 4 94 94 93 4 133 101 3 6 7 32 88 87
113 2 3 124 125 1 124 125 113 91 115 91 91 91 115 115 1 16 2 14 15 4 3 3 1 2 4 1 2 3 1 3 2 2 2 14 15 32 31 88
113 3 2 91 91 91 91 1 113 91 116 91 91 91 116 115 2 16 4 3 2 1 3 1 129 130 2 2 133 4 1 133 3 3 4 92 1 32 88 87
113 4 2 2 3 4 4 3 129 130 130 130 130 130 130 131 1 16 2 91 91 4 92 92 4 3 93 37 37 37 37 4 4 1 2 1 101 32 88 31
113 89 4 108 109 4 108 109 1 2 2 2 4 2 2 4 2 16 1 3 4 4 92 92 1 4 94 94 94 93 93 93 97 99 2 16 3 32 31 71
113 2 2 124 125 1 124 125 92 3 16 16 16 16 16 16 16 16 3 4 1 3 92 92 2 2 93 37 37 37 37 93 2 2 4 16 1 32 88 88
113 90 4 2 1 1 3 4 3 1 16 1 4 91 91 91 94 4 2 17 18 19 4 91 91 1 94 93 94 94 94 93 4 2 2 3 16 32 54 71
113 3 5 5 5 5 5 5 5 3 16 1 1 3 4 94 101 93 1 33 34 35 2 91 91 2 133 3 3 133 2 101 2 3 1 5 16 14 54 71
129 130 130 130 130 130 130 130 130 1 130 130 130 130 130 130 130 130 130 130 130 130 130 130 130 130 130 130 130 130 130 130 130 131 101 5 5 5 87 71
